,timestamp,open,high,low,close,volume,open_interest,strike,expiry_type,expiry,instrument,contract_type
0,1551172500000,26865.5,26920.5,26840.8,26910.4,0,,,,,cash,
1,1551172560000,26913.6,26951.8,26913.6,26945.3,0,,,,,cash,
2,1551172620000,26946.8,26985.3,26946.8,26966.1,0,,,,,cash,
3,1551172680000,26964.8,26968.9,26943.7,26944.1,0,,,,,cash,
4,1551172740000,26941.8,26945.9,26877.2,26884.3,0,,,,,cash,
5,1551172800000,26888.7,26889.3,26846.4,26852.9,0,,,,,cash,
6,1551172860000,26851.3,26866.2,26847.3,26852.1,0,,,,,cash,
7,1551172920000,26851.7,26873.9,26851.2,26865.1,0,,,,,cash,
8,1551172980000,26868.9,26888.8,26860.7,26881.1,0,,,,,cash,
9,1551173040000,26879.7,26882.1,26857.7,26860.0,0,,,,,cash,
10,1551173100000,26858.4,26904.8,26854.9,26899.0,0,,,,,cash,
11,1551173160000,26896.4,26901.3,26885.6,26891.1,0,,,,,cash,
12,1551173220000,26890.1,26896.1,26877.9,26893.2,0,,,,,cash,
13,1551173280000,26894.4,26897.6,26886.2,26895.8,0,,,,,cash,
14,1551173340000,26899.2,26899.2,26874.2,26877.3,0,,,,,cash,
15,1551173400000,26877.8,26881.1,26860.9,26868.7,0,,,,,cash,
16,1551173460000,26872.2,26884.6,26866.9,26876.4,0,,,,,cash,
17,1551173520000,26874.7,26882.8,26866.4,26881.7,0,,,,,cash,
18,1551173580000,26883.5,26887.7,26879.1,26881.7,0,,,,,cash,
19,1551173640000,26882.9,26886.6,26861.9,26861.9,0,,,,,cash,
20,1551173700000,26862.1,26862.1,26835.9,26836.4,0,,,,,cash,
21,1551173760000,26835.8,26842.6,26825.8,26829.8,0,,,,,cash,
22,1551173820000,26830.5,26854.9,26829.8,26851.8,0,,,,,cash,
23,1551173880000,26853.2,26857.5,26840.2,26844.7,0,,,,,cash,
24,1551173940000,26846.1,26850.6,26840.5,26845.0,0,,,,,cash,
25,1551174000000,26844.2,26844.6,26828.8,26842.8,0,,,,,cash,
26,1551174060000,26840.6,26848.3,26838.3,26848.3,0,,,,,cash,
27,1551174120000,26849.2,26850.4,26811.4,26811.4,0,,,,,cash,
28,1551174180000,26809.0,26816.4,26791.4,26794.2,0,,,,,cash,
29,1551174240000,26793.5,26820.2,26793.3,26813.9,0,,,,,cash,
30,1551174300000,26814.2,26814.4,26799.9,26808.7,0,,,,,cash,
31,1551174360000,26807.8,26809.1,26786.8,26809.1,0,,,,,cash,
32,1551174420000,26808.2,26825.3,26797.3,26822.2,0,,,,,cash,
33,1551174480000,26822.9,26824.7,26815.8,26818.3,0,,,,,cash,
34,1551174540000,26818.1,26824.5,26809.1,26822.2,0,,,,,cash,
35,1551174600000,26823.7,26823.7,26815.7,26823.5,0,,,,,cash,
36,1551174660000,26822.3,26826.8,26819.1,26824.3,0,,,,,cash,
37,1551174720000,26825.6,26825.6,26814.9,26822.1,0,,,,,cash,
38,1551174780000,26824.3,26826.0,26783.9,26792.2,0,,,,,cash,
39,1551174840000,26793.6,26812.5,26781.8,26804.5,0,,,,,cash,
40,1551174900000,26803.1,26811.8,26798.4,26810.4,0,,,,,cash,
41,1551174960000,26812.4,26818.2,26806.3,26814.0,0,,,,,cash,
42,1551175020000,26813.6,26813.9,26804.2,26807.3,0,,,,,cash,
43,1551175080000,26805.5,26814.3,26798.6,26812.4,0,,,,,cash,
44,1551175140000,26811.5,26811.8,26804.7,26810.6,0,,,,,cash,
45,1551175200000,26810.3,26810.3,26760.9,26769.2,0,,,,,cash,
46,1551175260000,26769.6,26775.3,26758.8,26772.4,0,,,,,cash,
47,1551175320000,26775.9,26782.2,26772.7,26774.0,0,,,,,cash,
48,1551175380000,26773.9,26773.9,26748.2,26749.9,0,,,,,cash,
49,1551175440000,26750.8,26765.3,26743.8,26760.7,0,,,,,cash,
50,1551175500000,26757.4,26765.6,26736.6,26764.5,0,,,,,cash,
51,1551175560000,26763.3,26767.4,26757.2,26763.2,0,,,,,cash,
52,1551175620000,26764.4,26771.2,26759.1,26764.1,0,,,,,cash,
53,1551175680000,26764.8,26771.5,26751.8,26755.7,0,,,,,cash,
54,1551175740000,26753.1,26762.1,26746.9,26756.7,0,,,,,cash,
55,1551175800000,26755.9,26765.6,26749.9,26762.3,0,,,,,cash,
56,1551175860000,26763.3,26786.7,26755.7,26786.7,0,,,,,cash,
57,1551175920000,26782.9,26793.6,26780.8,26789.8,0,,,,,cash,
58,1551175980000,26791.7,26792.7,26779.3,26786.7,0,,,,,cash,
59,1551176040000,26791.2,26791.2,26779.8,26787.3,0,,,,,cash,
60,1551176100000,26786.7,26793.0,26779.2,26790.0,0,,,,,cash,
61,1551176160000,26789.8,26801.4,26787.4,26787.7,0,,,,,cash,
62,1551176220000,26785.1,26794.5,26778.4,26778.4,0,,,,,cash,
63,1551176280000,26777.5,26789.3,26775.6,26787.2,0,,,,,cash,
64,1551176340000,26788.3,26789.2,26783.1,26788.9,0,,,,,cash,
65,1551176400000,26789.7,26790.5,26783.1,26789.7,0,,,,,cash,
66,1551176460000,26790.0,26797.6,26787.1,26794.1,0,,,,,cash,
67,1551176520000,26793.2,26794.7,26786.1,26786.1,0,,,,,cash,
68,1551176580000,26788.1,26809.0,26786.4,26809.0,0,,,,,cash,
69,1551176640000,26808.9,26814.3,26801.3,26811.9,0,,,,,cash,
70,1551176700000,26812.8,26822.0,26809.3,26821.0,0,,,,,cash,
71,1551176760000,26820.5,26823.2,26809.1,26813.9,0,,,,,cash,
72,1551176820000,26815.3,26815.6,26808.2,26814.3,0,,,,,cash,
73,1551176880000,26815.7,26822.3,26811.2,26819.9,0,,,,,cash,
74,1551176940000,26820.5,26827.3,26819.3,26823.8,0,,,,,cash,
75,1551177000000,26826.6,26829.7,26819.9,26823.8,0,,,,,cash,
76,1551177060000,26823.6,26825.7,26814.6,26825.2,0,,,,,cash,
77,1551177120000,26824.8,26833.3,26823.2,26828.4,0,,,,,cash,
78,1551177180000,26831.3,26836.9,26826.1,26833.7,0,,,,,cash,
79,1551177240000,26832.4,26834.6,26828.7,26834.4,0,,,,,cash,
80,1551177300000,26834.8,26837.1,26828.0,26836.6,0,,,,,cash,
81,1551177360000,26838.4,26848.8,26837.3,26847.3,0,,,,,cash,
82,1551177420000,26847.8,26850.9,26844.7,26847.9,0,,,,,cash,
83,1551177480000,26845.9,26847.8,26835.0,26836.3,0,,,,,cash,
84,1551177540000,26836.3,26841.2,26832.7,26841.2,0,,,,,cash,
85,1551177600000,26838.4,26849.3,26837.4,26844.3,0,,,,,cash,
86,1551177660000,26845.3,26848.0,26841.1,26842.4,0,,,,,cash,
87,1551177720000,26842.9,26849.2,26841.2,26847.1,0,,,,,cash,
88,1551177780000,26848.6,26850.2,26832.5,26832.5,0,,,,,cash,
89,1551177840000,26833.3,26843.8,26829.6,26830.2,0,,,,,cash,
90,1551177900000,26831.9,26837.6,26825.7,26836.6,0,,,,,cash,
91,1551177960000,26839.2,26840.9,26834.8,26838.7,0,,,,,cash,
92,1551178020000,26839.8,26843.2,26832.2,26836.8,0,,,,,cash,
93,1551178080000,26836.6,26845.7,26835.4,26845.7,0,,,,,cash,
94,1551178140000,26843.2,26850.1,26841.7,26847.2,0,,,,,cash,
95,1551178200000,26847.0,26863.1,26846.8,26860.5,0,,,,,cash,
96,1551178260000,26860.8,26865.3,26856.1,26861.2,0,,,,,cash,
97,1551178320000,26862.1,26867.3,26859.8,26860.9,0,,,,,cash,
98,1551178380000,26862.3,26870.9,26861.7,26868.4,0,,,,,cash,
99,1551178440000,26868.5,26880.1,26864.1,26876.6,0,,,,,cash,
100,1551178500000,26876.6,26878.6,26860.5,26863.5,0,,,,,cash,
101,1551178560000,26863.8,26863.8,26855.3,26855.3,0,,,,,cash,
102,1551178620000,26852.9,26860.0,26852.6,26854.5,0,,,,,cash,
103,1551178680000,26854.1,26865.9,26851.8,26865.9,0,,,,,cash,
104,1551178740000,26864.0,26869.3,26861.4,26868.6,0,,,,,cash,
105,1551178800000,26870.0,26872.7,26867.2,26871.2,0,,,,,cash,
106,1551178860000,26872.3,26882.5,26869.7,26882.5,0,,,,,cash,
107,1551178920000,26882.3,26892.6,26879.1,26884.9,0,,,,,cash,
108,1551178980000,26881.8,26891.8,26881.6,26889.6,0,,,,,cash,
109,1551179040000,26888.6,26888.6,26882.6,26885.3,0,,,,,cash,
110,1551179100000,26885.3,26886.8,26870.4,26876.8,0,,,,,cash,
111,1551179160000,26878.8,26886.3,26874.9,26878.3,0,,,,,cash,
112,1551179220000,26878.2,26879.3,26871.2,26871.2,0,,,,,cash,
113,1551179280000,26871.9,26871.9,26862.6,26866.3,0,,,,,cash,
114,1551179340000,26865.2,26875.3,26863.3,26873.8,0,,,,,cash,
115,1551179400000,26874.8,26880.6,26873.3,26880.6,0,,,,,cash,
116,1551179460000,26880.1,26882.1,26871.3,26871.3,0,,,,,cash,
117,1551179520000,26872.7,26876.8,26871.2,26872.3,0,,,,,cash,
118,1551179580000,26872.9,26883.1,26872.9,26882.4,0,,,,,cash,
119,1551179640000,26882.4,26885.2,26879.2,26881.9,0,,,,,cash,
120,1551179700000,26881.3,26883.3,26877.2,26878.6,0,,,,,cash,
121,1551179760000,26878.8,26884.3,26875.6,26883.4,0,,,,,cash,
122,1551179820000,26884.3,26884.3,26875.5,26878.9,0,,,,,cash,
123,1551179880000,26880.8,26881.3,26876.4,26879.0,0,,,,,cash,
124,1551179940000,26879.1,26895.5,26876.7,26888.8,0,,,,,cash,
125,1551180000000,26888.8,26898.8,26888.4,26889.7,0,,,,,cash,
126,1551180060000,26889.1,26890.5,26878.9,26886.1,0,,,,,cash,
127,1551180120000,26886.3,26889.1,26882.8,26884.3,0,,,,,cash,
128,1551180180000,26884.1,26891.1,26882.8,26887.6,0,,,,,cash,
129,1551180240000,26886.7,26894.3,26883.4,26890.2,0,,,,,cash,
130,1551180300000,26888.7,26889.8,26883.9,26885.5,0,,,,,cash,
131,1551180360000,26883.6,26886.3,26876.1,26877.8,0,,,,,cash,
132,1551180420000,26878.4,26880.8,26871.7,26877.3,0,,,,,cash,
133,1551180480000,26876.7,26877.3,26870.1,26870.3,0,,,,,cash,
134,1551180540000,26871.8,26871.8,26856.2,26859.2,0,,,,,cash,
135,1551180600000,26857.6,26880.3,26857.6,26872.9,0,,,,,cash,
136,1551180660000,26873.8,26875.4,26867.1,26872.9,0,,,,,cash,
137,1551180720000,26876.1,26888.0,26873.3,26888.0,0,,,,,cash,
138,1551180780000,26885.4,26885.4,26869.3,26872.3,0,,,,,cash,
139,1551180840000,26874.2,26879.2,26865.3,26875.8,0,,,,,cash,
140,1551180900000,26874.9,26888.8,26871.7,26884.5,0,,,,,cash,
141,1551180960000,26888.9,26905.7,26884.3,26902.9,0,,,,,cash,
142,1551181020000,26901.7,26902.9,26893.3,26897.8,0,,,,,cash,
143,1551181080000,26898.9,26901.3,26891.8,26899.8,0,,,,,cash,
144,1551181140000,26899.8,26902.1,26892.3,26894.5,0,,,,,cash,
145,1551181200000,26894.1,26906.4,26893.4,26904.7,0,,,,,cash,
146,1551181260000,26905.1,26912.6,26903.9,26906.8,0,,,,,cash,
147,1551181320000,26906.2,26917.3,26905.7,26912.2,0,,,,,cash,
148,1551181380000,26913.3,26916.1,26906.7,26907.5,0,,,,,cash,
149,1551181440000,26910.3,26918.9,26908.4,26918.9,0,,,,,cash,
150,1551181500000,26923.3,26936.4,26918.9,26922.7,0,,,,,cash,
151,1551181560000,26921.8,26930.9,26917.8,26923.6,0,,,,,cash,
152,1551181620000,26922.7,26937.5,26915.7,26921.1,0,,,,,cash,
153,1551181680000,26922.6,26932.1,26917.9,26930.3,0,,,,,cash,
154,1551181740000,26932.2,26941.7,26932.2,26939.8,0,,,,,cash,
155,1551181800000,26940.7,26963.9,26940.7,26962.7,0,,,,,cash,
156,1551181860000,26962.3,26962.3,26954.9,26960.9,0,,,,,cash,
157,1551181920000,26961.1,26969.9,26956.2,26961.6,0,,,,,cash,
158,1551181980000,26960.5,26960.5,26947.0,26953.0,0,,,,,cash,
159,1551182040000,26952.1,26959.8,26947.6,26951.4,0,,,,,cash,
160,1551182100000,26950.8,26950.8,26944.6,26946.9,0,,,,,cash,
161,1551182160000,26946.3,26948.7,26937.8,26941.9,0,,,,,cash,
162,1551182220000,26943.8,26950.1,26942.8,26943.1,0,,,,,cash,
163,1551182280000,26944.1,26950.5,26940.5,26943.7,0,,,,,cash,
164,1551182340000,26945.4,26948.3,26941.0,26941.0,0,,,,,cash,
165,1551182400000,26942.2,26955.2,26940.5,26950.6,0,,,,,cash,
166,1551182460000,26950.4,26951.0,26932.8,26934.3,0,,,,,cash,
167,1551182520000,26934.3,26938.7,26931.8,26932.9,0,,,,,cash,
168,1551182580000,26934.3,26934.6,26925.8,26931.1,0,,,,,cash,
169,1551182640000,26930.7,26937.4,26928.3,26937.4,0,,,,,cash,
170,1551182700000,26935.8,26940.6,26934.2,26939.3,0,,,,,cash,
171,1551182760000,26939.6,26940.7,26933.1,26937.9,0,,,,,cash,
172,1551182820000,26939.3,26939.3,26929.4,26930.9,0,,,,,cash,
173,1551182880000,26929.8,26939.3,26928.6,26937.8,0,,,,,cash,
174,1551182940000,26940.6,26952.6,26937.6,26943.2,0,,,,,cash,
175,1551183000000,26943.4,26951.3,26942.7,26945.7,0,,,,,cash,
176,1551183060000,26946.0,26947.1,26939.4,26941.6,0,,,,,cash,
177,1551183120000,26940.4,26947.4,26939.7,26947.1,0,,,,,cash,
178,1551183180000,26946.5,26946.7,26935.2,26939.0,0,,,,,cash,
179,1551183240000,26940.3,26940.3,26926.3,26931.8,0,,,,,cash,
180,1551183300000,26932.1,26932.1,26924.4,26931.1,0,,,,,cash,
181,1551183360000,26929.6,26929.6,26909.9,26912.2,0,,,,,cash,
182,1551183420000,26911.0,26911.1,26885.1,26886.5,0,,,,,cash,
183,1551183480000,26888.6,26888.6,26881.1,26883.7,0,,,,,cash,
184,1551183540000,26883.4,26894.6,26882.5,26886.9,0,,,,,cash,
185,1551183600000,26891.1,26904.3,26887.1,26903.6,0,,,,,cash,
186,1551183660000,26905.6,26920.4,26905.1,26918.7,0,,,,,cash,
187,1551183720000,26920.1,26925.7,26917.5,26920.8,0,,,,,cash,
188,1551183780000,26921.8,26924.8,26919.7,26924.2,0,,,,,cash,
189,1551183840000,26925.4,26930.3,26923.8,26930.0,0,,,,,cash,
190,1551183900000,26930.1,26933.9,26926.4,26933.3,0,,,,,cash,
191,1551183960000,26933.6,26938.8,26928.7,26937.3,0,,,,,cash,
192,1551184020000,26935.6,26935.8,26928.8,26930.3,0,,,,,cash,
193,1551184080000,26931.5,26931.5,26927.1,26928.4,0,,,,,cash,
194,1551184140000,26928.7,26935.8,26924.2,26929.6,0,,,,,cash,
195,1551184200000,26931.1,26935.0,26926.8,26935.0,0,,,,,cash,
196,1551184260000,26935.6,26949.9,26935.6,26948.4,0,,,,,cash,
197,1551184320000,26949.5,26952.8,26945.3,26950.4,0,,,,,cash,
198,1551184380000,26952.9,26956.4,26945.4,26952.7,0,,,,,cash,
199,1551184440000,26953.5,26958.1,26951.1,26956.3,0,,,,,cash,
200,1551184500000,26958.2,26962.5,26954.4,26960.3,0,,,,,cash,
201,1551184560000,26961.7,26980.1,26959.4,26978.3,0,,,,,cash,
202,1551184620000,26978.7,26988.0,26978.1,26986.6,0,,,,,cash,
203,1551184680000,26987.6,27017.4,26984.6,27006.8,0,,,,,cash,
204,1551184740000,27008.2,27010.5,26995.1,27004.1,0,,,,,cash,
205,1551184800000,27005.1,27028.8,27003.4,27017.3,0,,,,,cash,
206,1551184860000,27017.6,27025.8,27012.3,27022.2,0,,,,,cash,
207,1551184920000,27020.6,27029.3,27018.3,27027.2,0,,,,,cash,
208,1551184980000,27026.8,27040.8,27026.2,27038.2,0,,,,,cash,
209,1551185040000,27039.3,27045.3,27028.2,27028.7,0,,,,,cash,
210,1551185100000,27030.5,27043.7,27027.4,27035.9,0,,,,,cash,
211,1551185160000,27035.3,27038.1,27026.9,27026.9,0,,,,,cash,
212,1551185220000,27027.3,27031.1,27018.2,27020.3,0,,,,,cash,
213,1551185280000,27024.0,27030.3,27009.6,27018.4,0,,,,,cash,
214,1551185340000,27019.2,27019.3,27003.1,27007.7,0,,,,,cash,
215,1551185400000,27008.9,27010.8,27001.6,27007.1,0,,,,,cash,
216,1551185460000,27006.3,27011.3,27001.2,27004.7,0,,,,,cash,
217,1551185520000,27005.5,27010.2,26993.7,27002.6,0,,,,,cash,
218,1551185580000,27000.8,27002.4,26991.2,26991.2,0,,,,,cash,
219,1551185640000,26994.4,27001.9,26991.7,26995.8,0,,,,,cash,
220,1551185700000,26994.7,26998.6,26977.2,26979.8,0,,,,,cash,
221,1551185760000,26980.6,26982.5,26969.0,26976.3,0,,,,,cash,
222,1551185820000,26975.5,26994.3,26973.5,26989.5,0,,,,,cash,
223,1551185880000,26990.6,27002.8,26990.6,26995.6,0,,,,,cash,
224,1551185940000,26998.6,27002.1,26994.5,27002.1,0,,,,,cash,
225,1551186000000,27002.0,27011.8,27000.8,27011.3,0,,,,,cash,
226,1551186060000,27012.3,27016.1,27007.7,27010.0,0,,,,,cash,
227,1551186120000,27011.6,27016.6,27003.8,27014.1,0,,,,,cash,
228,1551186180000,27014.9,27015.2,27002.1,27013.1,0,,,,,cash,
229,1551186240000,27013.3,27014.6,27006.4,27006.9,0,,,,,cash,
230,1551186300000,27008.6,27019.6,27008.6,27014.3,0,,,,,cash,
231,1551186360000,27015.4,27015.4,26998.1,26998.1,0,,,,,cash,
232,1551186420000,26999.4,27007.2,26999.4,27005.5,0,,,,,cash,
233,1551186480000,27005.4,27019.1,27005.1,27010.3,0,,,,,cash,
234,1551186540000,27012.1,27019.2,27011.3,27017.8,0,,,,,cash,
235,1551186600000,27018.4,27018.9,27005.9,27009.6,0,,,,,cash,
236,1551186660000,27009.2,27013.4,27002.0,27004.9,0,,,,,cash,
237,1551186720000,27006.1,27009.7,26998.9,27009.7,0,,,,,cash,
238,1551186780000,27013.0,27014.9,27005.2,27009.3,0,,,,,cash,
239,1551186840000,27005.9,27007.5,26995.3,26995.3,0,,,,,cash,
240,1551186900000,26996.4,27001.4,26988.2,26999.7,0,,,,,cash,
241,1551186960000,27002.2,27006.3,26995.1,27002.8,0,,,,,cash,
242,1551187020000,27003.1,27014.8,26999.9,27014.8,0,,,,,cash,
243,1551187080000,27015.4,27025.9,27014.0,27025.9,0,,,,,cash,
244,1551187140000,27027.1,27036.9,27027.1,27033.3,0,,,,,cash,
245,1551187200000,27027.8,27040.4,27027.8,27038.6,0,,,,,cash,
246,1551187260000,27038.2,27041.3,27024.6,27034.3,0,,,,,cash,
247,1551187320000,27034.2,27044.6,27032.9,27038.7,0,,,,,cash,
248,1551187380000,27039.7,27041.1,27014.4,27019.9,0,,,,,cash,
249,1551187440000,27021.0,27030.3,27010.0,27029.1,0,,,,,cash,
250,1551187500000,27029.4,27030.9,27020.5,27023.3,0,,,,,cash,
251,1551187560000,27023.7,27033.4,27023.7,27033.4,0,,,,,cash,
252,1551187620000,27034.2,27037.2,27030.1,27035.4,0,,,,,cash,
253,1551187680000,27035.0,27046.7,27034.3,27044.4,0,,,,,cash,
254,1551187740000,27047.9,27053.7,27033.6,27036.0,0,,,,,cash,
255,1551187800000,27037.8,27037.8,27009.6,27010.3,0,,,,,cash,
256,1551187860000,27012.5,27023.5,27012.4,27020.9,0,,,,,cash,
257,1551187920000,27020.4,27022.0,27015.4,27017.9,0,,,,,cash,
258,1551187980000,27016.9,27031.6,27015.4,27030.2,0,,,,,cash,
259,1551188040000,27031.8,27032.9,27011.8,27012.3,0,,,,,cash,
260,1551188100000,27013.0,27026.5,27008.8,27021.4,0,,,,,cash,
261,1551188160000,27021.7,27021.7,27014.2,27020.1,0,,,,,cash,
262,1551188220000,27022.2,27023.8,26986.3,26986.6,0,,,,,cash,
263,1551188280000,26987.3,26987.3,26965.7,26972.3,0,,,,,cash,
264,1551188340000,26971.4,26976.2,26957.3,26962.8,0,,,,,cash,
265,1551188400000,26964.8,26967.7,26957.9,26964.7,0,,,,,cash,
266,1551188460000,26964.8,26969.4,26961.3,26968.5,0,,,,,cash,
267,1551188520000,26969.8,26988.7,26969.2,26983.4,0,,,,,cash,
268,1551188580000,26983.3,26987.9,26970.6,26984.6,0,,,,,cash,
269,1551188640000,26985.9,26992.8,26978.4,26982.4,0,,,,,cash,
270,1551188700000,26983.9,26992.7,26968.7,26978.6,0,,,,,cash,
271,1551188760000,26978.7,26993.1,26976.8,26993.1,0,,,,,cash,
272,1551188820000,26993.8,26994.6,26977.8,26983.3,0,,,,,cash,
273,1551188880000,26981.7,27008.8,26980.6,27007.6,0,,,,,cash,
274,1551188940000,27008.1,27017.4,27007.2,27009.7,0,,,,,cash,
275,1551189000000,27010.7,27018.2,27003.6,27015.1,0,,,,,cash,
276,1551189060000,27015.2,27023.4,27010.1,27013.0,0,,,,,cash,
277,1551189120000,27011.2,27013.8,27002.3,27007.7,0,,,,,cash,
278,1551189180000,27013.3,27022.4,27009.6,27010.0,0,,,,,cash,
279,1551189240000,27011.1,27020.3,27005.8,27011.9,0,,,,,cash,
280,1551189300000,27012.1,27016.6,27003.2,27012.1,0,,,,,cash,
281,1551189360000,27013.8,27015.4,27003.3,27007.8,0,,,,,cash,
282,1551189420000,27012.2,27016.4,27010.9,27014.0,0,,,,,cash,
283,1551189480000,27013.8,27013.8,27000.5,27004.8,0,,,,,cash,
284,1551189540000,27005.6,27011.9,27003.9,27008.9,0,,,,,cash,
285,1551189600000,27009.3,27011.7,26999.9,27000.3,0,,,,,cash,
286,1551189660000,26998.8,27017.8,26998.1,27014.1,0,,,,,cash,
287,1551189720000,27010.8,27021.4,27009.8,27011.1,0,,,,,cash,
288,1551189780000,27013.5,27019.6,27005.3,27005.3,0,,,,,cash,
289,1551189840000,27006.7,27012.8,27004.9,27012.0,0,,,,,cash,
290,1551189900000,27009.1,27011.7,26986.4,26986.4,0,,,,,cash,
291,1551189960000,26985.9,26998.3,26979.1,26998.3,0,,,,,cash,
292,1551190020000,26998.4,26998.4,26991.6,26995.7,0,,,,,cash,
293,1551190080000,26996.8,27012.3,26995.4,27009.2,0,,,,,cash,
294,1551190140000,27008.9,27012.8,27007.0,27010.8,0,,,,,cash,
295,1551190200000,27010.6,27021.2,27006.9,27018.1,0,,,,,cash,
296,1551190260000,27017.5,27026.8,27017.1,27024.1,0,,,,,cash,
297,1551190320000,27024.7,27035.1,27018.8,27032.8,0,,,,,cash,
298,1551190380000,27033.0,27036.3,27019.4,27031.6,0,,,,,cash,
299,1551190440000,27031.4,27031.9,27019.2,27027.2,0,,,,,cash,
300,1551190500000,27029.7,27035.1,27025.1,27026.4,0,,,,,cash,
301,1551190560000,27024.3,27026.8,27021.7,27023.6,0,,,,,cash,
302,1551190620000,27022.9,27026.3,27017.2,27025.6,0,,,,,cash,
303,1551190680000,27022.9,27024.3,27012.9,27012.9,0,,,,,cash,
304,1551190740000,27013.2,27023.9,27007.9,27010.6,0,,,,,cash,
305,1551190800000,27011.2,27025.8,27010.8,27024.9,0,,,,,cash,
306,1551190860000,27026.3,27038.8,27023.3,27032.3,0,,,,,cash,
307,1551190920000,27032.1,27034.9,27021.2,27033.8,0,,,,,cash,
308,1551190980000,27034.4,27038.1,27027.8,27027.8,0,,,,,cash,
309,1551191040000,27030.7,27035.7,27020.8,27025.5,0,,,,,cash,
310,1551191100000,27024.3,27029.3,27007.4,27016.6,0,,,,,cash,
311,1551191160000,27017.4,27027.6,27016.0,27027.5,0,,,,,cash,
312,1551191220000,27025.7,27026.4,27010.2,27020.7,0,,,,,cash,
313,1551191280000,27019.8,27032.8,27018.7,27027.8,0,,,,,cash,
314,1551191340000,27031.2,27058.4,27031.2,27053.1,0,,,,,cash,
315,1551191400000,27051.9,27096.0,27051.3,27095.6,0,,,,,cash,
316,1551191460000,27092.8,27092.8,27072.1,27075.4,0,,,,,cash,
317,1551191520000,27074.2,27089.1,27067.9,27083.7,0,,,,,cash,
318,1551191580000,27083.6,27091.2,27075.3,27082.6,0,,,,,cash,
319,1551191640000,27080.1,27092.2,27074.2,27084.0,0,,,,,cash,
320,1551191700000,27084.3,27122.4,27084.3,27119.3,0,,,,,cash,
321,1551191760000,27123.3,27127.3,27101.5,27109.6,0,,,,,cash,
322,1551191820000,27109.7,27113.1,27099.1,27108.4,0,,,,,cash,
323,1551191880000,27107.4,27109.8,27101.2,27106.2,0,,,,,cash,
324,1551191940000,27104.9,27107.3,27076.8,27078.9,0,,,,,cash,
325,1551192000000,27077.9,27087.3,27072.1,27082.7,0,,,,,cash,
326,1551192060000,27081.3,27096.8,27075.8,27095.3,0,,,,,cash,
327,1551192120000,27096.8,27101.6,27091.5,27095.7,0,,,,,cash,
328,1551192180000,27093.7,27093.9,27079.2,27080.9,0,,,,,cash,
329,1551192240000,27078.3,27086.9,27072.3,27084.9,0,,,,,cash,
330,1551192300000,27087.8,27088.2,27070.9,27087.0,0,,,,,cash,
331,1551192360000,27085.7,27090.3,27069.8,27074.2,0,,,,,cash,
332,1551192420000,27072.8,27091.7,27069.8,27088.8,0,,,,,cash,
333,1551192480000,27089.2,27089.7,27074.4,27082.3,0,,,,,cash,
334,1551192540000,27087.5,27091.4,27071.5,27079.2,0,,,,,cash,
335,1551192600000,27081.3,27085.8,27062.2,27062.2,0,,,,,cash,
336,1551192660000,27061.6,27064.1,27046.2,27047.4,0,,,,,cash,
337,1551192720000,27048.3,27049.9,27011.8,27020.4,0,,,,,cash,
338,1551192780000,27017.6,27017.6,26993.4,26994.1,0,,,,,cash,
339,1551192840000,26996.1,27005.8,26983.7,26986.8,0,,,,,cash,
340,1551192900000,26987.6,26991.4,26946.9,26946.9,0,,,,,cash,
341,1551192960000,26947.8,26957.2,26902.5,26917.9,0,,,,,cash,
342,1551193020000,26918.3,26957.5,26918.3,26943.7,0,,,,,cash,
343,1551193080000,26935.6,26980.1,26931.3,26980.1,0,,,,,cash,
344,1551193140000,26980.3,26984.7,26962.1,26967.8,0,,,,,cash,
345,1551193200000,26968.3,26978.6,26946.1,26960.0,0,,,,,cash,
346,1551193260000,26960.7,26964.8,26946.2,26950.6,0,,,,,cash,
347,1551193320000,26948.0,26959.6,26937.8,26938.3,0,,,,,cash,
348,1551193380000,26940.1,26969.4,26937.7,26966.9,0,,,,,cash,
349,1551193440000,26966.6,26985.0,26962.7,26982.4,0,,,,,cash,
350,1551193500000,26987.2,26988.8,26960.2,26960.2,0,,,,,cash,
351,1551193560000,26958.6,26967.2,26945.4,26953.4,0,,,,,cash,
352,1551193620000,26959.9,26971.4,26955.3,26965.3,0,,,,,cash,
353,1551193680000,26963.9,26963.9,26951.6,26960.7,0,,,,,cash,
354,1551193740000,26960.8,26960.8,26947.1,26949.4,0,,,,,cash,
355,1551193800000,26949.6,26965.5,26944.3,26962.3,0,,,,,cash,
356,1551193860000,26964.1,26968.1,26949.4,26961.1,0,,,,,cash,
357,1551193920000,26960.3,26965.5,26945.2,26947.8,0,,,,,cash,
358,1551193980000,26946.8,26952.5,26938.9,26938.9,0,,,,,cash,
359,1551194040000,26939.2,26957.8,26936.8,26955.7,0,,,,,cash,
360,1551194100000,26951.3,26972.7,26950.4,26972.7,0,,,,,cash,
361,1551194160000,26970.9,26974.8,26961.3,26966.6,0,,,,,cash,
362,1551194220000,26963.6,26966.9,26940.2,26941.9,0,,,,,cash,
363,1551194280000,26941.4,26949.7,26931.9,26932.8,0,,,,,cash,
364,1551194340000,26930.2,26936.3,26930.1,26932.3,0,,,,,cash,
365,1551194400000,26931.1,26936.7,26926.8,26935.9,0,,,,,cash,
366,1551194460000,26935.8,26959.8,26935.8,26951.2,0,,,,,cash,
367,1551194520000,26953.8,26958.8,26948.8,26950.4,0,,,,,cash,
368,1551194580000,26952.9,26958.7,26950.8,26954.1,0,,,,,cash,
369,1551194640000,26955.7,26957.6,26944.9,26954.6,0,,,,,cash,
370,1551194700000,26954.3,26957.8,26951.6,26955.2,0,,,,,cash,
371,1551194760000,26954.1,26955.3,26947.0,26954.8,0,,,,,cash,
372,1551194820000,26955.4,26960.7,26948.3,26954.7,0,,,,,cash,
373,1551194880000,26949.1,26955.3,26935.4,26948.8,0,,,,,cash,
374,1551194940000,26948.8,26956.9,26945.3,26947.6,0,,,,,cash,
375,1551195000000,26945.3,26945.3,26945.3,26945.3,0,,,,,cash,
376,1551195060000,26953.6,26957.2,26952.9,26952.9,0,,,,,cash,
