,timestamp,open,high,low,close,volume,open_interest,strike,expiry_type,expiry,instrument,contract_type
0,1584695760000,19763.6,19862.8,19525.9,19547.4,0,,,,,cash,
1,1584695820000,19537.8,19813.8,19453.7,19813.8,0,,,,,cash,
2,1584695880000,19826.8,19857.3,19809.2,19856.4,0,,,,,cash,
3,1584695940000,19872.4,20104.9,19872.4,19986.5,0,,,,,cash,
4,1584696000000,19974.3,19980.3,19864.0,19935.3,0,,,,,cash,
5,1584696060000,19958.5,20058.7,19958.5,20016.9,0,,,,,cash,
6,1584696120000,20019.2,20034.3,19947.2,20015.7,0,,,,,cash,
7,1584696180000,20012.9,20097.3,19978.8,20081.2,0,,,,,cash,
8,1584696240000,20083.9,20200.2,20077.4,20197.8,0,,,,,cash,
9,1584696300000,20193.9,20227.4,20145.2,20145.5,0,,,,,cash,
10,1584696360000,20143.9,20143.9,20002.3,20006.6,0,,,,,cash,
11,1584696420000,19953.9,20002.3,19805.3,19807.0,0,,,,,cash,
12,1584696480000,19810.8,19974.5,19793.7,19907.1,0,,,,,cash,
13,1584696540000,19901.0,19901.0,19771.5,19771.5,0,,,,,cash,
14,1584696600000,19756.7,19763.5,19627.4,19627.4,0,,,,,cash,
15,1584696660000,19614.1,19687.9,19479.6,19646.8,0,,,,,cash,
16,1584696720000,19623.2,19702.6,19545.1,19582.8,0,,,,,cash,
17,1584696780000,19590.9,19605.6,19391.3,19434.9,0,,,,,cash,
18,1584696840000,19416.8,19503.1,19408.1,19441.3,0,,,,,cash,
19,1584696900000,19437.1,19456.5,19304.8,19325.2,0,,,,,cash,
20,1584696960000,19323.3,19381.3,19265.0,19381.3,0,,,,,cash,
21,1584697020000,19381.7,19505.6,19363.6,19443.1,0,,,,,cash,
22,1584697080000,19458.4,19458.4,19342.1,19342.1,0,,,,,cash,
23,1584697140000,19346.9,19451.8,19334.3,19451.8,0,,,,,cash,
24,1584697200000,19469.9,19532.1,19412.1,19532.1,0,,,,,cash,
25,1584697260000,19528.0,19607.8,19475.0,19607.8,0,,,,,cash,
26,1584697320000,19603.8,19660.1,19482.7,19482.7,0,,,,,cash,
27,1584697380000,19499.8,19515.8,19389.4,19404.7,0,,,,,cash,
28,1584697440000,19403.9,19459.3,19370.7,19459.3,0,,,,,cash,
29,1584697500000,19442.3,19471.7,19371.5,19427.7,0,,,,,cash,
30,1584697560000,19429.9,19429.9,19297.9,19332.8,0,,,,,cash,
31,1584697620000,19323.3,19418.8,19317.3,19418.8,0,,,,,cash,
32,1584697680000,19418.8,19564.2,19415.8,19548.6,0,,,,,cash,
33,1584697740000,19547.2,19547.2,19429.1,19442.1,0,,,,,cash,
34,1584697800000,19432.9,19483.4,19399.9,19469.7,0,,,,,cash,
35,1584697860000,19454.8,19475.0,19419.3,19456.1,0,,,,,cash,
36,1584697920000,19442.7,19468.6,19402.5,19468.6,0,,,,,cash,
37,1584697980000,19469.1,19515.8,19417.5,19417.5,0,,,,,cash,
38,1584698040000,19401.2,19479.8,19400.6,19448.5,0,,,,,cash,
39,1584698100000,19448.9,19499.8,19443.8,19454.1,0,,,,,cash,
40,1584698160000,19451.0,19619.4,19451.0,19603.7,0,,,,,cash,
41,1584698220000,19607.8,19687.5,19591.1,19653.4,0,,,,,cash,
42,1584698280000,19654.7,19677.7,19561.3,19614.2,0,,,,,cash,
43,1584698340000,19615.9,19658.4,19590.7,19657.3,0,,,,,cash,
44,1584698400000,19658.7,19721.7,19654.6,19703.4,0,,,,,cash,
45,1584698460000,19694.6,19694.6,19619.3,19634.4,0,,,,,cash,
46,1584698520000,19634.6,19637.3,19586.6,19594.6,0,,,,,cash,
47,1584698580000,19595.1,19606.0,19526.8,19547.1,0,,,,,cash,
48,1584698640000,19546.3,19681.5,19540.3,19675.4,0,,,,,cash,
49,1584698700000,19679.8,19752.1,19679.8,19738.7,0,,,,,cash,
50,1584698760000,19738.7,19836.6,19731.4,19836.6,0,,,,,cash,
51,1584698820000,19834.6,19908.2,19782.4,19908.2,0,,,,,cash,
52,1584698880000,19910.2,19934.6,19867.8,19896.7,0,,,,,cash,
53,1584698940000,19897.7,19902.4,19763.6,19775.9,0,,,,,cash,
54,1584699000000,19775.6,19784.1,19720.8,19771.6,0,,,,,cash,
55,1584699060000,19773.7,19859.3,19757.8,19798.0,0,,,,,cash,
56,1584699120000,19801.3,19825.9,19761.3,19780.4,0,,,,,cash,
57,1584699180000,19783.1,19783.1,19696.3,19727.8,0,,,,,cash,
58,1584699240000,19724.2,19724.2,19681.0,19717.3,0,,,,,cash,
59,1584699300000,19724.4,19812.8,19724.4,19757.9,0,,,,,cash,
60,1584699360000,19756.3,19796.3,19752.2,19756.3,0,,,,,cash,
61,1584699420000,19754.8,19755.2,19701.8,19734.9,0,,,,,cash,
62,1584699480000,19740.4,19740.4,19701.5,19722.4,0,,,,,cash,
63,1584699540000,19724.6,19748.3,19681.7,19748.3,0,,,,,cash,
64,1584699600000,19748.0,19780.6,19734.3,19742.8,0,,,,,cash,
65,1584699660000,19739.5,19793.2,19736.8,19748.8,0,,,,,cash,
66,1584699720000,19749.6,19783.8,19745.2,19764.0,0,,,,,cash,
67,1584699780000,19768.6,19775.5,19713.8,19720.2,0,,,,,cash,
68,1584699840000,19719.8,19743.0,19712.6,19717.0,0,,,,,cash,
69,1584699900000,19717.4,19717.4,19626.2,19646.6,0,,,,,cash,
70,1584699960000,19633.6,19714.2,19633.6,19689.5,0,,,,,cash,
71,1584700020000,19689.4,19734.2,19680.3,19731.8,0,,,,,cash,
72,1584700080000,19735.1,19765.5,19727.2,19751.2,0,,,,,cash,
73,1584700140000,19749.6,19761.9,19713.8,19713.8,0,,,,,cash,
74,1584700200000,19715.3,19730.0,19702.5,19708.6,0,,,,,cash,
75,1584700260000,19711.6,19779.3,19707.6,19757.4,0,,,,,cash,
76,1584700320000,19758.8,19779.6,19743.2,19779.6,0,,,,,cash,
77,1584700380000,19775.7,19810.6,19753.8,19807.3,0,,,,,cash,
78,1584700440000,19812.4,19840.9,19789.2,19789.9,0,,,,,cash,
79,1584700500000,19791.7,19793.7,19735.1,19755.1,0,,,,,cash,
80,1584700560000,19754.8,19762.2,19647.4,19647.4,0,,,,,cash,
81,1584700620000,19636.7,19661.4,19583.3,19596.1,0,,,,,cash,
82,1584700680000,19595.8,19596.4,19538.3,19558.4,0,,,,,cash,
83,1584700740000,19568.5,19644.6,19559.6,19637.4,0,,,,,cash,
84,1584700800000,19637.8,19641.3,19603.3,19618.3,0,,,,,cash,
85,1584700860000,19615.9,19617.3,19593.8,19611.1,0,,,,,cash,
86,1584700920000,19611.8,19614.7,19554.7,19554.9,0,,,,,cash,
87,1584700980000,19550.7,19559.2,19526.2,19553.3,0,,,,,cash,
88,1584701040000,19562.7,19564.3,19517.6,19519.9,0,,,,,cash,
89,1584701100000,19518.7,19525.6,19496.8,19496.8,0,,,,,cash,
90,1584701160000,19488.7,19557.1,19466.2,19536.8,0,,,,,cash,
91,1584701220000,19544.2,19560.7,19522.4,19532.3,0,,,,,cash,
92,1584701280000,19534.9,19568.3,19532.8,19565.1,0,,,,,cash,
93,1584701340000,19566.7,19576.8,19532.9,19532.9,0,,,,,cash,
94,1584701400000,19532.9,19571.8,19529.6,19562.3,0,,,,,cash,
95,1584701460000,19559.2,19560.7,19526.9,19543.3,0,,,,,cash,
96,1584701520000,19546.0,19546.0,19528.0,19536.7,0,,,,,cash,
97,1584701580000,19539.7,19614.2,19535.6,19607.1,0,,,,,cash,
98,1584701640000,19609.0,19630.3,19591.3,19604.9,0,,,,,cash,
99,1584701700000,19605.9,19607.7,19565.8,19583.4,0,,,,,cash,
100,1584701760000,19582.2,19648.2,19577.5,19607.3,0,,,,,cash,
101,1584701820000,19598.5,19622.2,19584.8,19606.9,0,,,,,cash,
102,1584701880000,19609.8,19609.8,19567.2,19574.8,0,,,,,cash,
103,1584701940000,19578.1,19623.8,19578.1,19599.4,0,,,,,cash,
104,1584702000000,19597.4,19610.9,19580.4,19584.2,0,,,,,cash,
105,1584702060000,19586.7,19611.5,19581.8,19605.2,0,,,,,cash,
106,1584702120000,19605.7,19607.5,19580.2,19580.2,0,,,,,cash,
107,1584702180000,19579.3,19580.3,19544.2,19561.1,0,,,,,cash,
108,1584702240000,19576.1,19580.0,19554.1,19560.8,0,,,,,cash,
109,1584702300000,19554.7,19569.8,19553.3,19558.7,0,,,,,cash,
110,1584702360000,19559.1,19566.7,19533.8,19535.3,0,,,,,cash,
111,1584702420000,19535.2,19647.4,19534.3,19628.9,0,,,,,cash,
112,1584702480000,19633.6,19676.3,19628.8,19661.3,0,,,,,cash,
113,1584702540000,19655.2,19664.3,19602.4,19602.6,0,,,,,cash,
114,1584702600000,19604.5,19626.2,19589.4,19614.1,0,,,,,cash,
115,1584702660000,19616.3,19616.3,19565.8,19569.8,0,,,,,cash,
116,1584702720000,19574.6,19574.6,19540.7,19545.0,0,,,,,cash,
117,1584702780000,19542.7,19551.7,19536.1,19538.2,0,,,,,cash,
118,1584702840000,19536.7,19556.1,19526.1,19528.9,0,,,,,cash,
119,1584702900000,19529.8,19539.8,19520.1,19527.8,0,,,,,cash,
120,1584702960000,19529.2,19583.0,19527.6,19583.0,0,,,,,cash,
121,1584703020000,19582.7,19608.1,19570.1,19605.9,0,,,,,cash,
122,1584703080000,19605.0,19665.2,19604.7,19639.1,0,,,,,cash,
123,1584703140000,19638.4,19647.4,19625.6,19647.4,0,,,,,cash,
124,1584703200000,19647.1,19651.3,19584.4,19585.6,0,,,,,cash,
125,1584703260000,19582.8,19602.8,19577.0,19597.3,0,,,,,cash,
126,1584703320000,19601.3,19653.1,19601.1,19650.7,0,,,,,cash,
127,1584703380000,19648.6,19659.4,19605.1,19614.4,0,,,,,cash,
128,1584703440000,19613.8,19614.9,19591.0,19593.8,0,,,,,cash,
129,1584703500000,19597.2,19597.8,19543.2,19562.0,0,,,,,cash,
130,1584703560000,19564.2,19571.1,19550.8,19553.7,0,,,,,cash,
131,1584703620000,19555.4,19561.1,19547.8,19548.4,0,,,,,cash,
132,1584703680000,19549.7,19591.7,19547.3,19588.0,0,,,,,cash,
133,1584703740000,19587.8,19597.6,19558.6,19596.3,0,,,,,cash,
134,1584703800000,19596.3,19704.6,19596.3,19703.3,0,,,,,cash,
135,1584703860000,19714.3,19740.5,19673.6,19694.6,0,,,,,cash,
136,1584703920000,19687.7,19687.9,19620.4,19654.6,0,,,,,cash,
137,1584703980000,19655.7,19717.9,19652.7,19700.3,0,,,,,cash,
138,1584704040000,19702.3,19756.6,19663.9,19756.6,0,,,,,cash,
139,1584704100000,19760.1,19786.7,19742.9,19762.0,0,,,,,cash,
140,1584704160000,19760.4,19825.3,19742.6,19825.3,0,,,,,cash,
141,1584704220000,19825.6,19832.7,19770.7,19809.3,0,,,,,cash,
142,1584704280000,19794.9,19826.3,19782.9,19803.2,0,,,,,cash,
143,1584704340000,19804.8,19821.3,19758.0,19761.1,0,,,,,cash,
144,1584704400000,19752.9,19768.7,19726.8,19749.7,0,,,,,cash,
145,1584704460000,19744.3,19751.1,19722.3,19725.1,0,,,,,cash,
146,1584704520000,19734.4,19770.6,19734.4,19770.6,0,,,,,cash,
147,1584704580000,19770.3,19806.9,19770.3,19783.0,0,,,,,cash,
148,1584704640000,19782.9,19811.4,19781.3,19808.9,0,,,,,cash,
149,1584704700000,19805.3,19877.8,19796.5,19858.4,0,,,,,cash,
150,1584704760000,19861.7,19875.4,19803.8,19835.8,0,,,,,cash,
151,1584704820000,19836.8,19858.3,19815.1,19835.2,0,,,,,cash,
152,1584704880000,19839.8,19857.6,19811.1,19849.3,0,,,,,cash,
153,1584704940000,19855.7,19932.9,19847.8,19888.3,0,,,,,cash,
154,1584705000000,19887.8,19896.1,19856.3,19856.3,0,,,,,cash,
155,1584705060000,19858.3,19879.7,19809.3,19822.8,0,,,,,cash,
156,1584705120000,19822.7,19852.6,19816.4,19824.4,0,,,,,cash,
157,1584705180000,19824.5,19824.5,19750.7,19776.3,0,,,,,cash,
158,1584705240000,19781.3,19784.2,19753.8,19775.1,0,,,,,cash,
159,1584705300000,19768.7,19785.2,19761.2,19784.5,0,,,,,cash,
160,1584705360000,19783.3,19829.8,19783.3,19827.1,0,,,,,cash,
161,1584705420000,19829.4,19833.6,19777.4,19808.7,0,,,,,cash,
162,1584705480000,19804.3,19813.5,19788.8,19794.8,0,,,,,cash,
163,1584705540000,19793.3,19814.5,19788.7,19802.4,0,,,,,cash,
164,1584705600000,19806.1,19859.1,19802.6,19849.8,0,,,,,cash,
165,1584705660000,19847.1,19897.4,19847.1,19877.3,0,,,,,cash,
166,1584705720000,19882.0,19925.8,19878.4,19914.2,0,,,,,cash,
167,1584705780000,19917.9,19987.3,19917.9,19980.8,0,,,,,cash,
168,1584705840000,19980.3,20040.3,19979.2,20035.0,0,,,,,cash,
169,1584705900000,20017.2,20026.4,19951.3,19984.6,0,,,,,cash,
170,1584705960000,19977.4,19987.1,19938.9,19951.1,0,,,,,cash,
171,1584706020000,19954.3,20022.2,19949.0,19978.0,0,,,,,cash,
172,1584706080000,19982.9,19982.9,19919.8,19930.9,0,,,,,cash,
173,1584706140000,19926.0,19955.7,19919.4,19951.7,0,,,,,cash,
174,1584706200000,19953.6,20062.6,19949.6,20052.2,0,,,,,cash,
175,1584706260000,20049.4,20205.8,20039.7,20205.8,0,,,,,cash,
176,1584706320000,20197.7,20199.6,20108.3,20180.6,0,,,,,cash,
177,1584706380000,20178.8,20178.8,20110.0,20144.3,0,,,,,cash,
178,1584706440000,20144.2,20173.3,20101.1,20107.7,0,,,,,cash,
179,1584706500000,20108.1,20148.6,20102.3,20148.6,0,,,,,cash,
180,1584706560000,20161.3,20312.8,20161.3,20283.1,0,,,,,cash,
181,1584706620000,20287.2,20303.8,20208.4,20253.9,0,,,,,cash,
182,1584706680000,20258.3,20262.8,20192.3,20226.7,0,,,,,cash,
183,1584706740000,20228.6,20353.5,20224.7,20352.3,0,,,,,cash,
184,1584706800000,20354.1,20362.4,20280.2,20317.6,0,,,,,cash,
185,1584706860000,20322.3,20328.7,20259.2,20261.6,0,,,,,cash,
186,1584706920000,20255.1,20255.1,20191.7,20201.9,0,,,,,cash,
187,1584706980000,20201.4,20295.6,20188.8,20255.3,0,,,,,cash,
188,1584707040000,20260.4,20277.3,20239.9,20269.1,0,,,,,cash,
189,1584707100000,20274.8,20313.7,20268.2,20305.0,0,,,,,cash,
190,1584707160000,20305.3,20305.3,20236.9,20236.9,0,,,,,cash,
191,1584707220000,20238.6,20255.2,20203.8,20222.2,0,,,,,cash,
192,1584707280000,20225.4,20242.1,20178.6,20233.0,0,,,,,cash,
193,1584707340000,20238.5,20312.3,20235.8,20307.3,0,,,,,cash,
194,1584707400000,20299.4,20385.8,20295.3,20378.3,0,,,,,cash,
195,1584707460000,20401.6,20447.0,20386.6,20415.6,0,,,,,cash,
196,1584707520000,20410.3,20452.3,20351.3,20351.3,0,,,,,cash,
197,1584707580000,20355.5,20389.9,20329.1,20337.5,0,,,,,cash,
198,1584707640000,20337.1,20387.3,20329.2,20379.8,0,,,,,cash,
199,1584707700000,20390.8,20391.9,20222.9,20222.9,0,,,,,cash,
200,1584707760000,20261.8,20290.4,20227.1,20271.3,0,,,,,cash,
201,1584707820000,20271.8,20275.5,20227.3,20246.6,0,,,,,cash,
202,1584707880000,20247.2,20266.3,20181.3,20210.2,0,,,,,cash,
203,1584707940000,20207.8,20215.9,20138.1,20151.3,0,,,,,cash,
204,1584708000000,20150.8,20200.8,20137.9,20200.8,0,,,,,cash,
205,1584708060000,20215.9,20262.8,20211.7,20227.2,0,,,,,cash,
206,1584708120000,20229.1,20232.3,20184.7,20184.7,0,,,,,cash,
207,1584708180000,20184.5,20243.3,20180.9,20243.3,0,,,,,cash,
208,1584708240000,20246.6,20281.3,20221.3,20249.9,0,,,,,cash,
209,1584708300000,20254.8,20284.4,20241.7,20281.1,0,,,,,cash,
210,1584708360000,20284.9,20384.7,20284.9,20366.6,0,,,,,cash,
211,1584708420000,20371.6,20428.7,20369.0,20395.2,0,,,,,cash,
212,1584708480000,20394.2,20396.2,20338.7,20365.1,0,,,,,cash,
213,1584708540000,20362.3,20402.8,20362.3,20383.8,0,,,,,cash,
214,1584708600000,20391.4,20458.2,20367.3,20410.4,0,,,,,cash,
215,1584708660000,20406.3,20426.1,20362.6,20387.3,0,,,,,cash,
216,1584708720000,20387.4,20446.5,20385.1,20442.2,0,,,,,cash,
217,1584708780000,20442.2,20504.2,20437.1,20484.3,0,,,,,cash,
218,1584708840000,20485.3,20495.7,20473.3,20481.9,0,,,,,cash,
219,1584708900000,20481.3,20545.8,20480.3,20535.0,0,,,,,cash,
220,1584708960000,20532.9,20593.8,20526.1,20543.4,0,,,,,cash,
221,1584709020000,20539.7,20564.0,20496.9,20501.5,0,,,,,cash,
222,1584709080000,20504.8,20611.1,20501.1,20598.2,0,,,,,cash,
223,1584709140000,20606.7,20636.2,20565.4,20615.7,0,,,,,cash,
224,1584709200000,20620.7,20620.7,20546.0,20558.7,0,,,,,cash,
225,1584709260000,20570.5,20586.7,20516.3,20516.3,0,,,,,cash,
226,1584709320000,20521.4,20539.0,20484.3,20531.8,0,,,,,cash,
227,1584709380000,20531.6,20537.6,20475.3,20490.3,0,,,,,cash,
228,1584709440000,20491.1,20579.8,20460.5,20566.7,0,,,,,cash,
229,1584709500000,20570.3,20589.3,20470.3,20470.3,0,,,,,cash,
230,1584709560000,20477.1,20480.5,20418.6,20421.4,0,,,,,cash,
231,1584709620000,20429.9,20484.3,20425.7,20460.3,0,,,,,cash,
232,1584709680000,20463.2,20471.0,20429.6,20471.0,0,,,,,cash,
233,1584709740000,20483.0,20525.9,20479.0,20479.8,0,,,,,cash,
234,1584709800000,20481.6,20481.6,20427.6,20427.6,0,,,,,cash,
235,1584709860000,20427.2,20441.6,20412.3,20436.1,0,,,,,cash,
236,1584709920000,20440.6,20458.2,20428.3,20437.7,0,,,,,cash,
237,1584709980000,20438.9,20452.0,20437.0,20446.3,0,,,,,cash,
238,1584710040000,20456.7,20457.0,20412.0,20417.7,0,,,,,cash,
239,1584710100000,20423.1,20451.8,20377.8,20451.8,0,,,,,cash,
240,1584710160000,20446.3,20551.3,20444.8,20551.3,0,,,,,cash,
241,1584710220000,20552.4,20592.3,20536.2,20539.3,0,,,,,cash,
242,1584710280000,20539.8,20540.6,20489.8,20506.1,0,,,,,cash,
243,1584710340000,20509.1,20516.5,20431.1,20435.0,0,,,,,cash,
244,1584710400000,20435.7,20469.1,20412.1,20449.3,0,,,,,cash,
245,1584710460000,20449.9,20495.1,20413.8,20495.1,0,,,,,cash,
246,1584710520000,20495.5,20541.6,20486.8,20511.1,0,,,,,cash,
247,1584710580000,20513.2,20517.4,20475.6,20476.3,0,,,,,cash,
248,1584710640000,20480.2,20512.3,20477.8,20497.8,0,,,,,cash,
249,1584710700000,20496.5,20504.3,20472.0,20501.3,0,,,,,cash,
250,1584710760000,20501.5,20665.1,20489.6,20639.9,0,,,,,cash,
251,1584710820000,20636.4,20667.1,20616.2,20661.8,0,,,,,cash,
252,1584710880000,20655.9,20692.0,20629.1,20679.9,0,,,,,cash,
253,1584710940000,20677.8,20734.9,20646.2,20657.8,0,,,,,cash,
254,1584711000000,20653.5,20711.2,20645.3,20705.1,0,,,,,cash,
255,1584711060000,20706.6,20710.2,20675.2,20688.2,0,,,,,cash,
256,1584711120000,20691.1,20794.3,20691.1,20778.6,0,,,,,cash,
257,1584711180000,20778.4,20778.4,20687.4,20705.9,0,,,,,cash,
258,1584711240000,20704.4,20750.2,20692.1,20731.6,0,,,,,cash,
259,1584711300000,20739.8,20743.8,20698.9,20700.1,0,,,,,cash,
260,1584711360000,20698.8,20735.0,20682.0,20704.6,0,,,,,cash,
261,1584711420000,20712.8,20742.6,20669.9,20693.3,0,,,,,cash,
262,1584711480000,20688.8,20796.2,20688.4,20794.6,0,,,,,cash,
263,1584711540000,20803.0,20821.9,20789.6,20799.7,0,,,,,cash,
264,1584711600000,20800.7,20811.9,20734.9,20751.4,0,,,,,cash,
265,1584711660000,20748.8,20835.2,20748.8,20803.3,0,,,,,cash,
266,1584711720000,20798.9,20815.3,20768.3,20794.3,0,,,,,cash,
267,1584711780000,20796.1,20798.6,20749.3,20773.7,0,,,,,cash,
268,1584711840000,20772.1,20862.3,20766.9,20856.0,0,,,,,cash,
269,1584711900000,20852.8,20890.2,20844.3,20878.7,0,,,,,cash,
270,1584711960000,20881.3,20924.6,20868.4,20868.4,0,,,,,cash,
271,1584712020000,20861.8,20873.4,20784.2,20814.2,0,,,,,cash,
272,1584712080000,20822.3,20822.3,20748.7,20764.3,0,,,,,cash,
273,1584712140000,20769.2,20778.2,20701.5,20777.4,0,,,,,cash,
274,1584712200000,20792.2,20868.1,20785.9,20837.9,0,,,,,cash,
275,1584712260000,20830.3,20830.3,20686.4,20695.3,0,,,,,cash,
276,1584712320000,20695.5,20741.7,20573.8,20593.6,0,,,,,cash,
277,1584712380000,20585.4,20623.7,20538.4,20590.1,0,,,,,cash,
278,1584712440000,20587.3,20610.4,20436.7,20436.7,0,,,,,cash,
279,1584712500000,20436.1,20475.7,20330.6,20391.8,0,,,,,cash,
280,1584712560000,20391.2,20391.2,20192.3,20225.4,0,,,,,cash,
281,1584712620000,20234.3,20301.6,20169.5,20224.4,0,,,,,cash,
282,1584712680000,20247.8,20435.0,20169.8,20387.8,0,,,,,cash,
283,1584712740000,20402.2,20440.4,20312.2,20316.4,0,,,,,cash,
284,1584712800000,20318.2,20358.1,20198.9,20201.7,0,,,,,cash,
285,1584712860000,20206.8,20206.8,20071.6,20075.2,0,,,,,cash,
286,1584712920000,20071.9,20106.2,20033.4,20083.2,0,,,,,cash,
287,1584712980000,20081.8,20253.3,20081.8,20141.4,0,,,,,cash,
288,1584713040000,20150.9,20164.3,20068.3,20144.0,0,,,,,cash,
289,1584713100000,20146.3,20149.8,20086.7,20096.8,0,,,,,cash,
290,1584713160000,20098.3,20161.9,20091.2,20104.1,0,,,,,cash,
291,1584713220000,20111.9,20115.3,19970.6,19970.6,0,,,,,cash,
292,1584713280000,19967.0,20008.7,19937.3,19986.1,0,,,,,cash,
293,1584713340000,19970.9,19973.9,19842.7,19874.9,0,,,,,cash,
294,1584713400000,19883.7,19915.9,19800.4,19800.4,0,,,,,cash,
295,1584713460000,19783.0,19920.2,19783.0,19846.6,0,,,,,cash,
296,1584713520000,19856.1,19884.3,19754.9,19884.3,0,,,,,cash,
297,1584713580000,19892.9,20013.4,19892.9,19992.8,0,,,,,cash,
298,1584713640000,20002.8,20007.8,19864.7,19864.7,0,,,,,cash,
299,1584713700000,19868.7,19934.3,19803.3,19875.7,0,,,,,cash,
300,1584713760000,19891.4,19941.2,19853.9,19909.1,0,,,,,cash,
301,1584713820000,19916.3,19953.8,19908.9,19918.8,0,,,,,cash,
302,1584713880000,19917.8,19917.8,19859.0,19860.6,0,,,,,cash,
303,1584713940000,19862.3,19865.4,19740.2,19814.9,0,,,,,cash,
304,1584714000000,19816.1,19828.1,19757.4,19768.4,0,,,,,cash,
305,1584714060000,19764.3,19849.8,19756.4,19821.8,0,,,,,cash,
306,1584714120000,19824.6,19925.9,19824.6,19881.0,0,,,,,cash,
307,1584714180000,19894.4,19956.3,19891.3,19952.9,0,,,,,cash,
308,1584714240000,19972.3,20056.4,19972.3,19987.9,0,,,,,cash,
309,1584714300000,19991.2,19998.7,19939.3,19985.2,0,,,,,cash,
310,1584714360000,19988.4,20061.8,19983.1,20050.5,0,,,,,cash,
311,1584714420000,20050.6,20197.9,20050.6,20153.9,0,,,,,cash,
312,1584714480000,20153.3,20185.2,20148.4,20162.4,0,,,,,cash,
313,1584714540000,20156.3,20156.3,20021.7,20137.3,0,,,,,cash,
314,1584714600000,20136.0,20238.2,20136.0,20236.1,0,,,,,cash,
315,1584714660000,20244.4,20305.6,20164.7,20172.1,0,,,,,cash,
316,1584714720000,20169.1,20169.8,20085.8,20116.3,0,,,,,cash,
317,1584714780000,20114.8,20227.9,20112.3,20133.8,0,,,,,cash,
318,1584714840000,20143.4,20143.4,19995.9,20018.1,0,,,,,cash,
319,1584714900000,20029.2,20078.4,20016.8,20076.7,0,,,,,cash,
320,1584714960000,20079.1,20112.3,20057.5,20091.8,0,,,,,cash,
321,1584715020000,20093.6,20093.6,20037.7,20050.0,0,,,,,cash,
322,1584715080000,20052.4,20079.9,20029.0,20079.9,0,,,,,cash,
323,1584715140000,20083.1,20132.1,20056.3,20066.0,0,,,,,cash,
324,1584715200000,20068.2,20097.4,19995.3,19995.3,0,,,,,cash,
325,1584715260000,19995.1,20035.7,19907.9,20035.4,0,,,,,cash,
326,1584715320000,20031.4,20059.8,19986.1,20043.9,0,,,,,cash,
327,1584715380000,20042.2,20084.7,20008.3,20072.8,0,,,,,cash,
328,1584715440000,20080.3,20080.3,20040.3,20040.8,0,,,,,cash,
329,1584715500000,20041.7,20114.3,20041.7,20107.6,0,,,,,cash,
330,1584715560000,20108.3,20240.6,20104.0,20223.8,0,,,,,cash,
331,1584715620000,20223.1,20223.1,20137.6,20188.1,0,,,,,cash,
332,1584715680000,20185.6,20311.7,20185.6,20282.8,0,,,,,cash,
333,1584715740000,20286.4,20324.3,20262.3,20297.0,0,,,,,cash,
334,1584715800000,20298.8,20379.1,20290.2,20362.4,0,,,,,cash,
335,1584715860000,20367.3,20451.1,20364.3,20372.9,0,,,,,cash,
336,1584715920000,20376.7,20376.7,20276.2,20322.9,0,,,,,cash,
337,1584715980000,20325.9,20352.8,20282.6,20282.6,0,,,,,cash,
338,1584716040000,20293.0,20319.8,20277.7,20286.7,0,,,,,cash,
339,1584716100000,20288.6,20288.6,20187.8,20187.8,0,,,,,cash,
340,1584716160000,20189.6,20268.1,20179.8,20265.3,0,,,,,cash,
341,1584716220000,20273.6,20273.6,20183.7,20200.3,0,,,,,cash,
342,1584716280000,20206.5,20215.7,20185.3,20204.1,0,,,,,cash,
343,1584716340000,20207.6,20303.7,20206.3,20270.5,0,,,,,cash,
344,1584716400000,20270.3,20274.3,20227.0,20249.5,0,,,,,cash,
345,1584716460000,20251.8,20294.8,20251.8,20291.6,0,,,,,cash,
346,1584716520000,20288.8,20321.8,20288.4,20288.4,0,,,,,cash,
347,1584716580000,20294.4,20303.1,20275.2,20303.1,0,,,,,cash,
348,1584716640000,20301.8,20409.3,20299.6,20409.3,0,,,,,cash,
349,1584716700000,20413.9,20416.0,20364.4,20405.2,0,,,,,cash,
350,1584716760000,20410.5,20410.5,20345.6,20349.1,0,,,,,cash,
351,1584716820000,20349.3,20394.9,20340.7,20344.1,0,,,,,cash,
352,1584716880000,20349.8,20349.8,20272.9,20279.2,0,,,,,cash,
353,1584716940000,20279.3,20333.2,20271.8,20330.2,0,,,,,cash,
354,1584717000000,20326.0,20326.0,20265.2,20288.8,0,,,,,cash,
355,1584717060000,20289.4,20291.2,20204.6,20208.5,0,,,,,cash,
356,1584717120000,20211.8,20264.3,20205.0,20229.6,0,,,,,cash,
357,1584717180000,20237.4,20292.3,20235.5,20250.2,0,,,,,cash,
358,1584717240000,20247.2,20255.9,20217.8,20237.1,0,,,,,cash,
359,1584717300000,20236.2,20279.9,20231.3,20246.3,0,,,,,cash,
360,1584717360000,20240.8,20307.6,20221.3,20306.2,0,,,,,cash,
361,1584717420000,20310.3,20373.5,20299.2,20364.7,0,,,,,cash,
362,1584717480000,20358.6,20380.2,20338.9,20372.7,0,,,,,cash,
363,1584717540000,20373.4,20419.0,20363.3,20411.2,0,,,,,cash,
364,1584717600000,20416.6,20426.6,20397.3,20419.3,0,,,,,cash,
365,1584717660000,20413.3,20424.2,20323.1,20338.4,0,,,,,cash,
366,1584717720000,20342.4,20359.3,20323.1,20338.1,0,,,,,cash,
367,1584717780000,20341.8,20357.3,20319.1,20319.1,0,,,,,cash,
368,1584717840000,20321.7,20322.9,20301.4,20318.3,0,,,,,cash,
369,1584717900000,20325.0,20325.2,20299.9,20301.6,0,,,,,cash,
370,1584717960000,20300.5,20323.2,20275.8,20305.4,0,,,,,cash,
371,1584718020000,20302.8,20310.1,20287.5,20287.5,0,,,,,cash,
372,1584718080000,20284.7,20284.7,20249.5,20272.3,0,,,,,cash,
373,1584718140000,20273.9,20273.9,20228.2,20237.4,0,,,,,cash,
374,1584718200000,20238.1,20279.3,20235.0,20272.9,0,,,,,cash,
375,1584718260000,20274.6,20274.6,20274.6,20274.6,0,,,,,cash,
376,1584718380000,20263.2,20263.2,20263.2,20263.2,0,,,,,cash,
377,1584718440000,20278.7,20317.6,20278.7,20317.6,0,,,,,cash,
