,timestamp,open,high,low,close,volume,open_interest,strike,expiry_type,expiry,instrument,contract_type
0,1527133500000,10466.7,10468.5,10458.7,10464.0,55,,,,,cash,
1,1527133560000,10463.0,10463.0,10455.3,10456.0,59,,,,,cash,
2,1527133620000,10456.3,10461.7,10453.8,10460.5,59,,,,,cash,
3,1527133680000,10460.2,10461.2,10453.7,10460.3,57,,,,,cash,
4,1527133740000,10461.0,10464.8,10460.3,10463.6,59,,,,,cash,
5,1527133800000,10463.8,10467.3,10460.0,10467.3,57,,,,,cash,
6,1527133860000,10466.5,10467.8,10461.8,10463.3,56,,,,,cash,
7,1527133920000,10463.2,10466.7,10461.7,10464.8,58,,,,,cash,
8,1527133980000,10465.1,10468.2,10463.7,10466.3,58,,,,,cash,
9,1527134040000,10466.5,10467.5,10460.6,10461.1,56,,,,,cash,
10,1527134100000,10461.0,10463.5,10456.9,10457.6,54,,,,,cash,
11,1527134160000,10458.0,10468.3,10457.7,10468.3,58,,,,,cash,
12,1527134220000,10467.1,10467.8,10459.5,10463.2,59,,,,,cash,
13,1527134280000,10463.3,10467.9,10463.2,10466.1,57,,,,,cash,
14,1527134340000,10465.5,10466.3,10463.3,10465.8,59,,,,,cash,
15,1527134400000,10465.7,10470.3,10464.3,10465.3,57,,,,,cash,
16,1527134460000,10465.3,10467.2,10464.6,10464.6,56,,,,,cash,
17,1527134520000,10464.0,10464.0,10455.3,10456.5,56,,,,,cash,
18,1527134580000,10456.3,10456.9,10450.3,10451.6,57,,,,,cash,
19,1527134640000,10451.2,10457.7,10451.2,10453.4,56,,,,,cash,
20,1527134700000,10453.3,10453.3,10450.1,10450.8,55,,,,,cash,
21,1527134760000,10450.0,10455.8,10449.9,10451.3,58,,,,,cash,
22,1527134820000,10451.3,10455.3,10450.2,10454.4,56,,,,,cash,
23,1527134880000,10454.0,10458.1,10453.2,10458.1,55,,,,,cash,
24,1527134940000,10457.8,10459.8,10455.8,10457.6,57,,,,,cash,
25,1527135000000,10457.8,10457.8,10452.2,10455.7,56,,,,,cash,
26,1527135060000,10455.3,10458.5,10452.3,10457.9,56,,,,,cash,
27,1527135120000,10456.8,10456.8,10452.9,10453.8,57,,,,,cash,
28,1527135180000,10454.0,10454.0,10448.1,10449.1,56,,,,,cash,
29,1527135240000,10448.2,10448.2,10444.3,10446.0,54,,,,,cash,
30,1527135300000,10446.0,10446.0,10441.5,10444.1,52,,,,,cash,
31,1527135360000,10444.5,10445.8,10443.1,10444.9,57,,,,,cash,
32,1527135420000,10445.8,10446.3,10439.5,10440.0,56,,,,,cash,
33,1527135480000,10439.8,10441.0,10438.1,10438.2,51,,,,,cash,
34,1527135540000,10438.7,10439.0,10431.0,10432.0,56,,,,,cash,
35,1527135600000,10432.0,10434.7,10431.7,10433.5,56,,,,,cash,
36,1527135660000,10433.6,10437.0,10433.6,10434.7,54,,,,,cash,
37,1527135720000,10434.8,10439.3,10434.8,10437.8,57,,,,,cash,
38,1527135780000,10438.5,10438.5,10430.3,10430.7,58,,,,,cash,
39,1527135840000,10430.8,10430.9,10425.8,10428.4,55,,,,,cash,
40,1527135900000,10428.9,10430.9,10428.3,10429.8,57,,,,,cash,
41,1527135960000,10429.4,10437.6,10429.2,10436.9,57,,,,,cash,
42,1527136020000,10437.1,10437.7,10431.1,10431.3,55,,,,,cash,
43,1527136080000,10431.1,10432.9,10429.3,10432.9,57,,,,,cash,
44,1527136140000,10432.7,10434.7,10430.0,10430.0,58,,,,,cash,
45,1527136200000,10429.9,10429.9,10425.3,10425.4,56,,,,,cash,
46,1527136260000,10425.0,10425.8,10421.7,10422.3,56,,,,,cash,
47,1527136320000,10422.5,10423.7,10419.8,10423.5,54,,,,,cash,
48,1527136380000,10425.2,10428.5,10425.2,10427.8,60,,,,,cash,
49,1527136440000,10427.4,10432.8,10426.9,10432.7,59,,,,,cash,
50,1527136500000,10432.5,10438.2,10432.5,10437.8,58,,,,,cash,
51,1527136560000,10438.2,10440.8,10437.2,10438.1,59,,,,,cash,
52,1527136620000,10437.9,10439.5,10435.8,10436.3,55,,,,,cash,
53,1527136680000,10436.4,10436.4,10431.5,10432.5,59,,,,,cash,
54,1527136740000,10432.5,10433.5,10430.6,10433.5,55,,,,,cash,
55,1527136800000,10434.0,10442.7,10434.0,10442.0,51,,,,,cash,
56,1527136860000,10441.8,10442.0,10439.4,10440.0,53,,,,,cash,
57,1527136920000,10440.3,10446.3,10440.3,10446.3,56,,,,,cash,
58,1527136980000,10446.8,10451.5,10446.2,10451.5,57,,,,,cash,
59,1527137040000,10451.1,10456.1,10451.1,10453.9,57,,,,,cash,
60,1527137100000,10453.8,10462.0,10453.8,10460.7,56,,,,,cash,
61,1527137160000,10460.5,10464.1,10460.5,10461.0,58,,,,,cash,
62,1527137220000,10460.8,10461.0,10453.8,10453.8,55,,,,,cash,
63,1527137280000,10453.5,10453.6,10449.7,10453.5,58,,,,,cash,
64,1527137340000,10454.0,10456.5,10453.4,10456.4,58,,,,,cash,
65,1527137400000,10456.3,10459.4,10456.3,10458.0,55,,,,,cash,
66,1527137460000,10457.6,10457.6,10454.0,10456.1,55,,,,,cash,
67,1527137520000,10456.5,10457.5,10453.8,10453.8,50,,,,,cash,
68,1527137580000,10453.2,10453.9,10450.0,10451.6,56,,,,,cash,
69,1527137640000,10451.5,10452.5,10451.0,10451.5,55,,,,,cash,
70,1527137700000,10451.5,10454.3,10450.6,10454.2,54,,,,,cash,
71,1527137760000,10454.3,10457.2,10454.0,10456.2,55,,,,,cash,
72,1527137820000,10456.1,10457.5,10455.3,10456.0,52,,,,,cash,
73,1527137880000,10455.9,10455.9,10453.0,10454.0,57,,,,,cash,
74,1527137940000,10454.1,10456.7,10454.1,10456.5,57,,,,,cash,
75,1527138000000,10456.5,10457.0,10454.1,10454.2,54,,,,,cash,
76,1527138060000,10454.0,10454.5,10449.3,10449.3,59,,,,,cash,
77,1527138120000,10449.3,10451.0,10449.0,10450.0,53,,,,,cash,
78,1527138180000,10449.8,10452.3,10449.4,10452.2,54,,,,,cash,
79,1527138240000,10452.0,10453.1,10451.3,10452.5,55,,,,,cash,
80,1527138300000,10452.3,10452.9,10451.8,10452.8,52,,,,,cash,
81,1527138360000,10453.0,10456.4,10452.7,10456.4,53,,,,,cash,
82,1527138420000,10456.0,10458.4,10455.4,10457.2,55,,,,,cash,
83,1527138480000,10456.5,10456.9,10453.5,10453.8,54,,,,,cash,
84,1527138540000,10454.0,10454.0,10451.3,10451.3,52,,,,,cash,
85,1527138600000,10451.2,10453.0,10450.5,10450.5,53,,,,,cash,
86,1527138660000,10450.8,10452.5,10450.8,10451.3,54,,,,,cash,
87,1527138720000,10451.4,10452.3,10451.1,10451.7,55,,,,,cash,
88,1527138780000,10451.8,10452.8,10450.9,10451.9,50,,,,,cash,
89,1527138840000,10452.0,10453.3,10450.9,10453.2,53,,,,,cash,
90,1527138900000,10453.7,10458.3,10453.5,10458.3,53,,,,,cash,
91,1527138960000,10458.2,10459.2,10457.5,10458.3,54,,,,,cash,
92,1527139020000,10458.5,10461.1,10458.5,10459.7,50,,,,,cash,
93,1527139080000,10459.7,10459.8,10456.0,10457.7,52,,,,,cash,
94,1527139140000,10457.2,10459.0,10456.8,10458.8,57,,,,,cash,
95,1527139200000,10458.8,10459.8,10458.3,10458.7,53,,,,,cash,
96,1527139260000,10458.5,10459.0,10456.8,10456.8,55,,,,,cash,
97,1527139320000,10457.0,10458.1,10456.2,10458.1,53,,,,,cash,
98,1527139380000,10457.8,10461.2,10457.5,10460.8,58,,,,,cash,
99,1527139440000,10461.0,10463.9,10460.8,10463.9,58,,,,,cash,
100,1527139500000,10464.0,10465.3,10462.8,10465.2,54,,,,,cash,
101,1527139560000,10465.3,10467.8,10465.3,10466.5,53,,,,,cash,
102,1527139620000,10466.5,10467.0,10464.6,10466.9,57,,,,,cash,
103,1527139680000,10466.8,10469.2,10466.8,10467.6,54,,,,,cash,
104,1527139740000,10467.7,10469.9,10467.6,10469.2,55,,,,,cash,
105,1527139800000,10469.5,10473.2,10469.5,10470.0,56,,,,,cash,
106,1527139860000,10469.8,10470.3,10467.5,10468.2,53,,,,,cash,
107,1527139920000,10467.7,10467.7,10464.5,10465.5,57,,,,,cash,
108,1527139980000,10464.9,10467.5,10464.9,10467.3,57,,,,,cash,
109,1527140040000,10466.8,10467.3,10462.9,10463.1,52,,,,,cash,
110,1527140100000,10463.3,10468.0,10463.0,10467.8,52,,,,,cash,
111,1527140160000,10467.4,10469.7,10467.2,10469.3,56,,,,,cash,
112,1527140220000,10469.0,10470.2,10468.4,10469.7,48,,,,,cash,
113,1527140280000,10469.6,10469.6,10467.8,10469.1,58,,,,,cash,
114,1527140340000,10469.0,10471.3,10468.9,10470.3,53,,,,,cash,
115,1527140400000,10470.2,10471.5,10468.8,10471.2,56,,,,,cash,
116,1527140460000,10471.2,10474.0,10471.2,10473.9,54,,,,,cash,
117,1527140520000,10473.8,10475.8,10472.0,10472.0,53,,,,,cash,
118,1527140580000,10472.2,10472.5,10471.2,10471.5,52,,,,,cash,
119,1527140640000,10471.3,10474.2,10471.3,10472.7,58,,,,,cash,
120,1527140700000,10472.8,10472.8,10469.0,10470.8,50,,,,,cash,
121,1527140760000,10470.7,10471.2,10469.5,10470.3,55,,,,,cash,
122,1527140820000,10470.6,10471.2,10469.6,10469.8,51,,,,,cash,
123,1527140880000,10469.5,10471.0,10469.1,10469.1,54,,,,,cash,
124,1527140940000,10468.5,10470.8,10468.3,10468.5,55,,,,,cash,
125,1527141000000,10468.7,10471.7,10468.4,10471.5,54,,,,,cash,
126,1527141060000,10471.5,10471.7,10469.5,10469.8,54,,,,,cash,
127,1527141120000,10469.5,10469.6,10467.5,10468.3,54,,,,,cash,
128,1527141180000,10468.4,10470.2,10468.4,10468.5,57,,,,,cash,
129,1527141240000,10468.5,10470.1,10468.5,10469.5,54,,,,,cash,
130,1527141300000,10469.5,10469.5,10468.5,10469.5,54,,,,,cash,
131,1527141360000,10469.7,10473.2,10469.0,10472.3,56,,,,,cash,
132,1527141420000,10472.2,10473.7,10471.7,10473.5,58,,,,,cash,
133,1527141480000,10473.6,10475.5,10472.6,10475.0,56,,,,,cash,
134,1527141540000,10475.1,10478.6,10474.8,10476.7,56,,,,,cash,
135,1527141600000,10476.3,10477.4,10472.8,10472.8,55,,,,,cash,
136,1527141660000,10472.7,10473.3,10470.2,10472.1,57,,,,,cash,
137,1527141720000,10471.8,10471.8,10468.8,10468.8,55,,,,,cash,
138,1527141780000,10468.6,10468.6,10464.5,10465.2,53,,,,,cash,
139,1527141840000,10465.3,10469.4,10465.2,10466.3,55,,,,,cash,
140,1527141900000,10466.3,10467.8,10466.3,10467.0,54,,,,,cash,
141,1527141960000,10466.9,10469.5,10466.2,10468.5,53,,,,,cash,
142,1527142020000,10468.7,10469.0,10467.1,10467.5,56,,,,,cash,
143,1527142080000,10467.3,10468.0,10466.3,10467.2,55,,,,,cash,
144,1527142140000,10467.1,10468.2,10466.4,10467.2,56,,,,,cash,
145,1527142200000,10467.2,10469.3,10466.9,10468.9,49,,,,,cash,
146,1527142260000,10468.5,10470.6,10467.9,10468.1,54,,,,,cash,
147,1527142320000,10468.0,10469.5,10468.0,10468.0,55,,,,,cash,
148,1527142380000,10467.8,10470.3,10467.2,10468.0,53,,,,,cash,
149,1527142440000,10467.9,10468.5,10466.5,10467.3,53,,,,,cash,
150,1527142500000,10467.2,10469.5,10466.6,10467.5,56,,,,,cash,
151,1527142560000,10467.6,10467.6,10461.5,10462.1,57,,,,,cash,
152,1527142620000,10462.0,10465.8,10462.0,10465.8,54,,,,,cash,
153,1527142680000,10465.8,10467.0,10465.4,10466.0,56,,,,,cash,
154,1527142740000,10466.0,10466.3,10464.2,10464.2,51,,,,,cash,
155,1527142800000,10464.3,10469.8,10464.3,10469.5,54,,,,,cash,
156,1527142860000,10469.4,10472.6,10468.5,10469.0,52,,,,,cash,
157,1527142920000,10468.8,10470.6,10468.0,10468.8,57,,,,,cash,
158,1527142980000,10468.8,10469.9,10468.0,10468.8,57,,,,,cash,
159,1527143040000,10468.5,10468.6,10464.8,10464.8,57,,,,,cash,
160,1527143100000,10465.0,10465.3,10463.3,10463.6,49,,,,,cash,
161,1527143160000,10463.5,10465.5,10463.3,10465.0,55,,,,,cash,
162,1527143220000,10465.1,10467.0,10464.5,10466.5,55,,,,,cash,
163,1527143280000,10466.5,10467.2,10466.0,10467.1,56,,,,,cash,
164,1527143340000,10467.3,10468.5,10467.3,10467.5,58,,,,,cash,
165,1527143400000,10467.7,10468.8,10467.0,10467.5,55,,,,,cash,
166,1527143460000,10467.0,10468.8,10466.6,10466.6,56,,,,,cash,
167,1527143520000,10466.5,10467.0,10465.7,10466.0,56,,,,,cash,
168,1527143580000,10466.1,10466.7,10464.7,10464.7,53,,,,,cash,
169,1527143640000,10465.0,10465.2,10462.8,10463.2,55,,,,,cash,
170,1527143700000,10462.3,10463.3,10460.5,10463.2,52,,,,,cash,
171,1527143760000,10463.2,10463.2,10460.0,10460.3,54,,,,,cash,
172,1527143820000,10460.5,10463.2,10459.6,10462.7,58,,,,,cash,
173,1527143880000,10462.0,10464.9,10461.3,10464.9,56,,,,,cash,
174,1527143940000,10464.8,10465.7,10464.0,10464.8,52,,,,,cash,
175,1527144000000,10464.9,10466.8,10464.3,10465.0,56,,,,,cash,
176,1527144060000,10464.7,10467.0,10464.3,10466.1,53,,,,,cash,
177,1527144120000,10465.8,10467.0,10463.9,10466.3,58,,,,,cash,
178,1527144180000,10466.7,10467.0,10464.6,10464.6,57,,,,,cash,
179,1527144240000,10465.0,10468.2,10464.8,10467.8,51,,,,,cash,
180,1527144300000,10467.8,10470.8,10467.5,10470.5,57,,,,,cash,
181,1527144360000,10469.6,10472.0,10469.6,10471.9,56,,,,,cash,
182,1527144420000,10471.8,10472.5,10468.5,10469.7,56,,,,,cash,
183,1527144480000,10469.5,10473.0,10469.5,10472.3,56,,,,,cash,
184,1527144540000,10472.5,10477.0,10472.5,10476.5,57,,,,,cash,
185,1527144600000,10476.5,10477.1,10475.0,10475.0,55,,,,,cash,
186,1527144660000,10473.7,10475.3,10473.3,10473.9,56,,,,,cash,
187,1527144720000,10473.8,10476.0,10473.8,10475.3,51,,,,,cash,
188,1527144780000,10474.8,10478.0,10474.8,10477.0,55,,,,,cash,
189,1527144840000,10477.3,10477.4,10475.1,10476.2,56,,,,,cash,
190,1527144900000,10476.7,10478.1,10475.8,10476.6,58,,,,,cash,
191,1527144960000,10476.3,10477.2,10475.4,10475.4,53,,,,,cash,
192,1527145020000,10476.0,10477.1,10475.1,10475.6,55,,,,,cash,
193,1527145080000,10475.0,10478.2,10474.7,10477.5,56,,,,,cash,
194,1527145140000,10477.8,10481.2,10477.6,10480.1,54,,,,,cash,
195,1527145200000,10479.8,10479.8,10477.0,10477.8,57,,,,,cash,
196,1527145260000,10477.6,10478.8,10477.3,10478.0,58,,,,,cash,
197,1527145320000,10478.5,10480.2,10477.2,10477.2,56,,,,,cash,
198,1527145380000,10477.5,10477.5,10473.9,10473.9,53,,,,,cash,
199,1527145440000,10474.2,10474.5,10472.3,10473.9,55,,,,,cash,
200,1527145500000,10474.2,10476.4,10473.0,10476.0,53,,,,,cash,
201,1527145560000,10476.3,10478.2,10474.9,10476.5,56,,,,,cash,
202,1527145620000,10476.4,10479.7,10475.7,10479.4,60,,,,,cash,
203,1527145680000,10479.5,10480.1,10478.6,10479.1,56,,,,,cash,
204,1527145740000,10479.0,10479.6,10478.0,10478.7,55,,,,,cash,
205,1527145800000,10478.8,10482.8,10478.7,10482.7,53,,,,,cash,
206,1527145860000,10483.0,10483.8,10481.4,10481.8,55,,,,,cash,
207,1527145920000,10481.6,10482.2,10479.4,10480.0,56,,,,,cash,
208,1527145980000,10480.0,10482.3,10479.8,10481.3,53,,,,,cash,
209,1527146040000,10481.6,10481.6,10479.0,10479.3,53,,,,,cash,
210,1527146100000,10479.2,10481.0,10479.0,10480.5,52,,,,,cash,
211,1527146160000,10480.3,10481.3,10479.8,10480.8,56,,,,,cash,
212,1527146220000,10480.6,10485.8,10480.5,10485.5,55,,,,,cash,
213,1527146280000,10485.6,10486.0,10484.3,10485.0,57,,,,,cash,
214,1527146340000,10485.0,10485.9,10484.0,10485.9,55,,,,,cash,
215,1527146400000,10486.0,10488.0,10486.0,10486.6,56,,,,,cash,
216,1527146460000,10486.8,10487.8,10485.3,10487.3,56,,,,,cash,
217,1527146520000,10487.2,10490.0,10487.2,10489.5,52,,,,,cash,
218,1527146580000,10489.6,10489.6,10486.3,10487.8,54,,,,,cash,
219,1527146640000,10487.8,10490.5,10487.5,10488.8,57,,,,,cash,
220,1527146700000,10488.2,10488.5,10486.8,10487.4,52,,,,,cash,
221,1527146760000,10487.6,10487.9,10483.8,10483.8,51,,,,,cash,
222,1527146820000,10484.1,10484.3,10481.8,10481.8,55,,,,,cash,
223,1527146880000,10481.8,10484.3,10481.8,10483.5,55,,,,,cash,
224,1527146940000,10483.8,10485.8,10483.0,10484.4,55,,,,,cash,
225,1527147000000,10484.2,10484.7,10482.5,10482.6,56,,,,,cash,
226,1527147060000,10482.5,10482.5,10481.3,10482.2,52,,,,,cash,
227,1527147120000,10482.3,10486.1,10481.9,10486.1,55,,,,,cash,
228,1527147180000,10486.2,10487.4,10483.8,10487.0,54,,,,,cash,
229,1527147240000,10487.2,10487.2,10485.8,10486.3,54,,,,,cash,
230,1527147300000,10486.5,10490.9,10486.5,10490.3,54,,,,,cash,
231,1527147360000,10490.5,10492.0,10489.2,10492.0,52,,,,,cash,
232,1527147420000,10492.0,10495.2,10492.0,10493.2,58,,,,,cash,
233,1527147480000,10493.3,10496.1,10492.7,10495.2,53,,,,,cash,
234,1527147540000,10495.1,10498.9,10495.1,10496.8,57,,,,,cash,
235,1527147600000,10497.0,10499.3,10496.7,10497.8,53,,,,,cash,
236,1527147660000,10498.0,10500.7,10498.0,10499.8,55,,,,,cash,
237,1527147720000,10501.0,10503.7,10499.2,10499.8,57,,,,,cash,
238,1527147780000,10500.2,10501.8,10497.3,10497.5,56,,,,,cash,
239,1527147840000,10497.6,10499.0,10495.4,10495.6,57,,,,,cash,
240,1527147900000,10495.5,10497.0,10494.7,10496.8,53,,,,,cash,
241,1527147960000,10497.1,10505.0,10497.1,10504.7,56,,,,,cash,
242,1527148020000,10504.5,10506.5,10503.3,10503.3,55,,,,,cash,
243,1527148080000,10503.0,10504.0,10501.8,10502.2,55,,,,,cash,
244,1527148140000,10502.2,10504.0,10502.2,10503.0,57,,,,,cash,
245,1527148200000,10502.7,10505.2,10502.7,10505.0,55,,,,,cash,
246,1527148260000,10505.3,10506.5,10502.8,10503.2,57,,,,,cash,
247,1527148320000,10502.8,10503.8,10499.2,10499.5,56,,,,,cash,
248,1527148380000,10499.5,10503.7,10499.5,10503.7,58,,,,,cash,
249,1527148440000,10503.5,10508.8,10503.5,10507.8,55,,,,,cash,
250,1527148500000,10507.5,10510.1,10507.5,10508.0,54,,,,,cash,
251,1527148560000,10507.6,10509.2,10504.7,10504.7,56,,,,,cash,
252,1527148620000,10505.5,10510.3,10505.5,10509.5,57,,,,,cash,
253,1527148680000,10512.1,10513.8,10511.7,10511.8,54,,,,,cash,
254,1527148740000,10511.8,10513.4,10510.9,10511.2,55,,,,,cash,
255,1527148800000,10511.3,10512.5,10510.0,10511.2,57,,,,,cash,
256,1527148860000,10511.5,10516.8,10511.5,10516.5,56,,,,,cash,
257,1527148920000,10516.0,10519.0,10513.1,10513.3,60,,,,,cash,
258,1527148980000,10514.2,10514.2,10508.7,10509.3,54,,,,,cash,
259,1527149040000,10508.9,10511.0,10505.7,10505.8,55,,,,,cash,
260,1527149100000,10505.9,10510.7,10505.9,10510.0,54,,,,,cash,
261,1527149160000,10510.1,10512.0,10510.1,10511.1,56,,,,,cash,
262,1527149220000,10510.8,10512.1,10508.3,10508.5,52,,,,,cash,
263,1527149280000,10508.0,10509.1,10507.2,10507.2,54,,,,,cash,
264,1527149340000,10506.9,10508.3,10503.3,10503.3,54,,,,,cash,
265,1527149400000,10502.7,10504.0,10498.3,10498.3,54,,,,,cash,
266,1527149460000,10498.2,10499.7,10495.5,10495.7,55,,,,,cash,
267,1527149520000,10497.1,10497.1,10493.7,10493.8,54,,,,,cash,
268,1527149580000,10492.7,10494.8,10490.8,10491.3,55,,,,,cash,
269,1527149640000,10491.8,10495.3,10491.8,10495.3,56,,,,,cash,
270,1527149700000,10495.7,10497.3,10492.7,10492.7,56,,,,,cash,
271,1527149760000,10492.8,10494.3,10489.0,10489.0,57,,,,,cash,
272,1527149820000,10489.0,10491.5,10489.0,10491.5,57,,,,,cash,
273,1527149880000,10491.3,10492.5,10486.7,10487.3,55,,,,,cash,
274,1527149940000,10487.4,10489.7,10482.1,10482.3,53,,,,,cash,
275,1527150000000,10482.5,10484.0,10480.0,10482.5,57,,,,,cash,
276,1527150060000,10482.3,10485.8,10482.3,10483.8,54,,,,,cash,
277,1527150120000,10483.9,10484.9,10480.2,10482.3,54,,,,,cash,
278,1527150180000,10482.3,10488.0,10482.3,10487.1,56,,,,,cash,
279,1527150240000,10487.2,10490.0,10486.5,10487.8,57,,,,,cash,
280,1527150300000,10488.2,10491.8,10488.2,10490.0,52,,,,,cash,
281,1527150360000,10490.8,10490.8,10485.8,10486.1,58,,,,,cash,
282,1527150420000,10486.4,10489.1,10486.4,10486.7,56,,,,,cash,
283,1527150480000,10486.3,10487.8,10482.3,10482.7,58,,,,,cash,
284,1527150540000,10483.8,10483.9,10481.1,10482.2,54,,,,,cash,
285,1527150600000,10484.9,10485.7,10478.8,10478.8,54,,,,,cash,
286,1527150660000,10478.2,10478.8,10474.6,10474.6,55,,,,,cash,
287,1527150720000,10474.8,10474.8,10467.6,10467.6,54,,,,,cash,
288,1527150780000,10467.3,10467.5,10463.7,10464.3,55,,,,,cash,
289,1527150840000,10464.5,10464.6,10457.9,10459.3,60,,,,,cash,
290,1527150900000,10458.8,10459.5,10451.8,10453.4,58,,,,,cash,
291,1527150960000,10453.3,10457.5,10452.8,10456.8,59,,,,,cash,
292,1527151020000,10456.6,10461.3,10455.3,10461.3,57,,,,,cash,
293,1527151080000,10461.7,10463.5,10459.3,10463.5,57,,,,,cash,
294,1527151140000,10463.8,10466.0,10463.6,10465.4,57,,,,,cash,
295,1527151200000,10465.3,10466.3,10464.3,10464.3,53,,,,,cash,
296,1527151260000,10464.5,10467.1,10464.0,10466.2,58,,,,,cash,
297,1527151320000,10466.0,10467.8,10465.5,10466.8,58,,,,,cash,
298,1527151380000,10466.3,10466.3,10459.3,10459.3,56,,,,,cash,
299,1527151440000,10459.3,10459.8,10455.3,10455.8,58,,,,,cash,
300,1527151500000,10455.5,10461.8,10455.3,10460.7,55,,,,,cash,
301,1527151560000,10460.5,10460.5,10456.3,10457.7,55,,,,,cash,
302,1527151620000,10457.4,10460.4,10457.4,10460.0,51,,,,,cash,
303,1527151680000,10460.0,10466.1,10459.6,10466.1,57,,,,,cash,
304,1527151740000,10466.3,10470.8,10466.3,10469.8,57,,,,,cash,
305,1527151800000,10469.6,10474.3,10469.5,10473.1,53,,,,,cash,
306,1527151860000,10473.0,10474.1,10471.0,10474.1,56,,,,,cash,
307,1527151920000,10474.0,10477.2,10473.5,10474.3,57,,,,,cash,
308,1527151980000,10473.8,10473.8,10466.9,10466.9,58,,,,,cash,
309,1527152040000,10466.6,10467.4,10463.5,10467.2,58,,,,,cash,
310,1527152100000,10466.6,10468.0,10464.3,10464.3,56,,,,,cash,
311,1527152160000,10464.5,10465.0,10461.3,10463.0,57,,,,,cash,
312,1527152220000,10463.1,10467.3,10463.1,10466.7,57,,,,,cash,
313,1527152280000,10466.8,10467.2,10464.5,10464.9,54,,,,,cash,
314,1527152340000,10464.8,10469.0,10464.8,10469.0,53,,,,,cash,
315,1527152400000,10469.4,10471.2,10468.2,10468.5,48,,,,,cash,
316,1527152460000,10468.2,10473.4,10467.2,10473.1,57,,,,,cash,
317,1527152520000,10473.3,10475.5,10472.7,10473.6,55,,,,,cash,
318,1527152580000,10473.8,10476.9,10473.7,10475.6,55,,,,,cash,
319,1527152640000,10475.5,10478.2,10475.5,10477.1,56,,,,,cash,
320,1527152700000,10477.3,10478.0,10474.9,10475.3,53,,,,,cash,
321,1527152760000,10475.7,10478.0,10474.9,10478.0,56,,,,,cash,
322,1527152820000,10478.0,10478.0,10474.0,10474.0,56,,,,,cash,
323,1527152880000,10474.5,10475.2,10471.5,10474.5,57,,,,,cash,
324,1527152940000,10474.3,10475.2,10473.3,10475.0,54,,,,,cash,
325,1527153000000,10474.9,10475.2,10473.0,10474.6,51,,,,,cash,
326,1527153060000,10474.7,10474.8,10472.1,10472.8,50,,,,,cash,
327,1527153120000,10472.5,10473.0,10471.5,10472.9,56,,,,,cash,
328,1527153180000,10472.8,10475.8,10471.6,10475.5,55,,,,,cash,
329,1527153240000,10475.7,10477.8,10474.1,10477.8,56,,,,,cash,
330,1527153300000,10477.9,10481.8,10477.9,10481.3,51,,,,,cash,
331,1527153360000,10481.4,10486.1,10481.0,10486.0,58,,,,,cash,
332,1527153420000,10485.7,10487.0,10485.0,10485.3,57,,,,,cash,
333,1527153480000,10484.7,10487.7,10484.6,10487.0,59,,,,,cash,
334,1527153540000,10487.3,10488.8,10486.1,10488.5,57,,,,,cash,
335,1527153600000,10488.2,10493.2,10488.0,10493.2,56,,,,,cash,
336,1527153660000,10493.0,10495.3,10492.0,10492.0,57,,,,,cash,
337,1527153720000,10492.3,10492.5,10486.8,10487.3,55,,,,,cash,
338,1527153780000,10487.0,10492.8,10486.9,10492.4,58,,,,,cash,
339,1527153840000,10492.7,10492.7,10486.9,10487.9,58,,,,,cash,
340,1527153900000,10487.6,10489.1,10487.2,10489.1,57,,,,,cash,
341,1527153960000,10489.3,10490.0,10488.3,10488.5,58,,,,,cash,
342,1527154020000,10488.4,10490.3,10487.5,10490.0,58,,,,,cash,
343,1527154080000,10489.8,10489.8,10483.7,10484.2,54,,,,,cash,
344,1527154140000,10483.5,10488.3,10482.7,10486.0,54,,,,,cash,
345,1527154200000,10485.7,10486.3,10481.7,10482.0,56,,,,,cash,
346,1527154260000,10481.8,10482.8,10480.9,10481.7,52,,,,,cash,
347,1527154320000,10482.0,10486.0,10481.8,10485.9,58,,,,,cash,
348,1527154380000,10485.5,10487.0,10485.5,10486.3,55,,,,,cash,
349,1527154440000,10486.6,10491.8,10485.2,10491.5,58,,,,,cash,
350,1527154500000,10491.8,10493.9,10491.8,10493.5,57,,,,,cash,
351,1527154560000,10493.5,10498.0,10492.6,10497.8,58,,,,,cash,
352,1527154620000,10498.0,10501.3,10497.3,10499.7,56,,,,,cash,
353,1527154680000,10500.2,10501.6,10497.7,10500.5,59,,,,,cash,
354,1527154740000,10499.9,10502.6,10499.5,10501.5,57,,,,,cash,
355,1527154800000,10501.6,10507.8,10501.6,10507.5,57,,,,,cash,
356,1527154860000,10507.8,10512.0,10507.3,10512.0,56,,,,,cash,
357,1527154920000,10512.0,10516.0,10512.0,10515.7,55,,,,,cash,
358,1527154980000,10516.2,10516.8,10511.7,10512.0,56,,,,,cash,
359,1527155040000,10512.0,10514.7,10510.5,10513.5,60,,,,,cash,
360,1527155100000,10513.2,10520.3,10512.7,10518.6,60,,,,,cash,
361,1527155160000,10518.3,10523.6,10518.3,10521.5,59,,,,,cash,
362,1527155220000,10522.0,10522.2,10516.5,10518.0,58,,,,,cash,
363,1527155280000,10518.3,10518.8,10515.7,10517.3,57,,,,,cash,
364,1527155340000,10517.5,10520.2,10517.2,10519.2,56,,,,,cash,
365,1527155400000,10518.7,10519.3,10517.4,10517.7,55,,,,,cash,
366,1527155460000,10518.0,10519.8,10517.5,10518.5,57,,,,,cash,
367,1527155520000,10518.5,10522.3,10518.2,10521.6,56,,,,,cash,
368,1527155580000,10522.5,10524.8,10521.3,10524.5,56,,,,,cash,
369,1527155640000,10524.0,10525.9,10523.5,10524.5,58,,,,,cash,
370,1527155700000,10524.7,10526.5,10523.5,10526.1,56,,,,,cash,
371,1527155760000,10526.2,10530.0,10525.5,10529.3,58,,,,,cash,
372,1527155820000,10529.7,10534.7,10529.6,10533.5,58,,,,,cash,
373,1527155880000,10533.2,10535.2,10531.3,10532.6,57,,,,,cash,
374,1527155940000,10532.4,10533.3,10528.5,10533.3,58,,,,,cash,
375,1527156000000,10532.3,10532.3,10532.3,10532.3,1,,,,,cash,
376,1527156060000,10517.5,10517.5,10513.8,10513.8,2,,,,,cash,
